0.5
0.5
0.5
0.5
0.5
0.5
0.5
0.5
0.5
0.5
0.5
0.5
0.5
0.5
0.5
0.5
0.5
0.5
0.5
0.5
0.5
0.5
0.5
0.5
0.5
0.5
0.5
0.5
0.5
0.5
0.5
0.5
0.5
0.5
0.5
0.5
0.5
0.5
0.5
0.5
0.5
0.5
0.5
0.5
0.5
0.5
0.5
0.5
0.5
0.5
0.5
0.5
0.5
0.5
0.5
0.5
0.5
0.5
0.5
0.5
0.5
0.5
0.5
0.5
0.5
0.5
0.5
0.5
0.5
0.5
0.5
0.5
0.5
0.5
0.5
0.5
0.5
0.5
0.5
0.5
0.5
0.5
0.5
0.5
0.5
0.5
0.5
0.5
0.5
0.5
0.5
0.5
0.5
0.5
0.5
0.5
0.5
0.5
0.5
0.5
0.5
0.5
0.5
0.5
0.5
0.5
0.5
0.5
0.5
0.5
0.5
0.5
0.5
0.5
0.5
0.5
0.5
0.5
0.5
0.5
0.5
0.5
0.5
0.5
0.5
0.5
0.5
0.5
0.5
0.5
0.5
0.5
0.5
0.5
0.5
0.5
0.5
0.5
0.5
0.5
0.5
0.5
0.5
0.5
0.5
0.5
0.5
0.5
0.5
0.5
0.5
0.5
0.5
0.5
0.5
0.5
0.5
0.5
0.5
0.5
0.5
0.5
0.5
0.5
0.5
0.5
0.5
0.5
0.5
0.5
0.5
0.5
0.5
0.5
0.5
0.5
0.5
0.5
0.5
0.5
0.5
0.5
0.5
0.5
0.5
0.5
0.5
0.5
0.5
0.5
0.5
0.5
0.5
0.5
0.5
0.5
0.5
0.5
0.5
0.5
0.5
0.5
0.5
0.5
0.5
0.5
0.5
0.5
0.5
0.5
0.5
0.5
0.5
0.5
0.5
0.5
0.5
0.5
0.5
0.5
0.5
0.5
0.5
0.5
0.5
0.5
0.5
0.5
0.5
0.5
0.5
0.5
0.5
0.5
0.5
0.5
0.5
0.5
0.5
0.5
0.5
0.5
0.5
0.5
0.5
0.5
0.5
0.5
0.5
0.5
0.5
0.5
0.5
0.5
0.5
0.5
0.5
0.5
0.5
0.5
0.5
0.5
0.5
0.5
0.5
0.5
0.5
0.5
0.5
0.5
0.5
0.5
0.5
0.5
0.5
0.5
0.5
0.5
0.5
0.5
0.5
0.5
0.5
0.5
0.5
0.5
0.5
0.5
0.5
0.5
0.5
0.5
0.5
0.5
0.5
0.5
0.5
0.5
0.5
0.5
0.5
0.5
0.5
0.5
0.5
0.5
0.5
0.5
0.5
0.5
0.5
0.5
0.5
0.5
0.5
0.5
0.5
0.5
0.5
0.5
0.5
0.5
0.5
0.5
0.5
0.5
0.5
0.5
0.5
0.5
0.5
0.5
0.5
0.5
0.5
0.5
0.5
0.5
0.5
0.5
0.5
0.5
0.5
0.5
0.5
0.5
0.5
0.5
0.5
0.5
0.5
0.5
0.5
0.5
0.5
0.5
0.5
0.5
0.5
0.5
0.5
0.5
0.5
0.5
0.5
0.5
0.5
0.5
0.5
0.5
0.5
0.5
0.5
0.5
0.5
0.5
0.5
0.5
0.5
0.5
0.5
0.5
0.5
0.5
0.5
0.5
0.5
0.5
0.5
0.5
0.5
0.4006
0.3012
0.2018
0.1024
0.003
0.0
0.0
0.0
0.0
0.0
0.0
0.0
0.0
0.0
0.0
0.0
0.0
0.0
0.0
0.0
0.0
6.0E-4
0.0012
0.0018
0.0024
0.003
0.0036
0.0042
0.0048
0.0054
0.006
0.0066
0.0072
0.0078
0.0084
0.009
0.0096
0.0102
0.0108
0.0114
0.012
0.0126
0.0132
0.0138
0.0144
0.015
0.0156
0.0162
0.0168
0.0174
0.018
0.0186
0.0192
0.0198
0.0204
0.021
0.0216
0.0222
0.0228
0.0234
0.024
0.0246
0.0252
0.0258
0.0264
0.027
0.0276
0.0282
0.0288
0.0294
0.03
0.0306
0.0312
0.0318
0.0324
0.033
0.0336
0.0342
0.0348
0.0354
0.036
0.0366
0.0372
0.0378
0.0384
0.039
0.0396
0.0402
0.0408
0.0414
0.042
0.0426
0.0432
0.0438
0.0444
0.045
0.0456
0.0462
0.0468
0.0474
0.048
0.0486
0.0492
0.0498
0.0504
0.051
0.0516
0.0522
0.0528
0.0534
0.054
0.0546
0.0552
0.0558
0.0564
0.057
0.0576
0.0582
0.0588
0.0594
0.06
0.0606
0.0612
0.0618
0.0624
0.063
0.0636
0.0642
0.0648
0.0654
0.066
0.0666
0.0672
0.0678
0.0684
0.069
0.0696
0.0702
0.0708
0.0714
0.072
0.0726
0.0732
0.0738
0.0744
0.075
0.0756
0.0762
0.0768
0.0774
0.078
0.0786
0.0792
0.0798
0.0804
0.081
0.0816
0.0822
0.0828
0.0834
0.084
0.0846
0.0852
0.0858
0.0864
0.087
0.0876
0.0882
0.0888
0.0894
0.09
0.0906
0.0912
0.0918
0.0924
0.093
0.0936
0.0942
0.0948
0.0954
0.096
0.0966
0.0972
0.0978
0.0984
0.099
0.0996
0.1002
0.1008
0.1014
0.102
0.1026
0.1032
0.1038
0.1044
0.105
0.1056
0.1012
0.0968
0.0924
0.088
0.0836
0.0792
0.0748
0.0704
0.066
0.0616
0.0572
0.0528
0.0484
0.044
0.0396
0.0352
0.0308
0.0264
0.022
0.0176
0.0132
0.0088
0.0044
4.284767E-16
0.0
0.0
0.0
0.0
0.0
0.0
6.0E-4
0.0012
0.0018
0.0024
0.003
0.0036
0.0042
0.0048
0.0054
0.006
0.0066
0.0072
0.0078
0.0084
0.009
0.0096
0.0102
0.0108
0.0114
0.012
0.0126
0.0132
0.0138
0.0144
0.015
0.0156
0.0162
0.0168
0.0174
0.018
0.0186
0.0192
0.0198
0.0204
0.021
0.0216
0.0222
0.0228
0.0234
0.024
0.0246
0.0252
0.0258
0.0264
0.027
0.0276
0.0282
0.0288
0.0294
0.03
0.0306
0.0312
0.0318
0.0324
0.033
0.0336
0.0342
0.0348
0.0354
0.036
0.0366
0.0372
0.0378
0.0384
0.039
0.0396
0.0402
0.0408
0.0414
0.042
0.0426
0.0432
0.0438
0.0444
0.045
0.0456
0.0462
0.0468
0.0474
0.048
0.0486
0.0492
0.0498
0.0504
0.051
0.0516
0.0522
0.0528
0.0534
0.054
0.0546
0.0552
0.0558
0.0564
0.057
0.0576
0.0582
0.0588
0.0594
0.06
0.0606
0.0612
0.0618
0.0624
0.063
0.0636
0.0642
0.0648
0.0654
0.066
0.0666
0.0672
0.0678
0.0684
0.069
0.0696
0.0702
0.0708
0.0714
0.072
0.0726
0.0732
0.0738
0.0744
0.075
0.0756
0.0762
0.0768
0.0774
0.078
0.0786
0.0792
0.0798
0.0804
0.081
0.0816
0.0822
0.0828
0.0834
0.084
0.0846
0.0852
0.0858
0.0864
0.087
0.0876
0.0882
0.0888
0.0894
0.09
0.0906
0.0912
0.0918
0.0924
0.093
0.0936
0.0942
0.0948
0.0954
0.096
0.0966
0.0972
0.0978
0.0984
0.099
0.0996
0.1002
0.1008
0.1014
0.102
0.1026
0.1032
0.1038
0.1044
0.1
0.0956
0.0912
0.0868
0.0824
0.078
0.0736
0.0692
0.0648
0.0654
0.066
0.0666
0.0672
0.0678
0.0684
0.069
0.0696
0.0702
0.0708
0.0714
0.072
0.0726
0.0732
0.0738
0.0744
0.075
0.0756
0.0762
0.0768
0.0774
0.078
0.0786
0.0792
0.0798
0.0804
0.081
0.0816
0.0822
0.0828
0.0834
0.084
0.0846
0.0852
0.0858
0.0864
0.087
0.0876
0.0882
0.0888
0.0894
0.09
0.0906
0.0912
0.0918
0.0924
0.093
0.0936
0.0942
0.0948
0.0954
0.096
0.0966
0.0972
0.0978
0.0984
0.099
0.0996
0.1002
0.1008
0.1014
0.097
0.0926
0.0882
0.0838
0.0794
0.075
0.0706
0.0662
0.0618
0.0574
0.053
0.0486
0.0492
0.0498
0.0504
0.051
0.0516
0.0522
0.0528
0.0534
0.054
0.0546
0.0552
0.0558
0.0564
0.057
0.0576
0.0582
0.0588
0.0594
0.06
0.0606
0.0612
0.0618
0.0624
0.063
0.0636
0.0642
0.0648
0.0654
0.066
0.0666
0.0672
0.0678
0.0684
0.069
0.0696
0.0702
0.0708
0.0714
0.072
0.0726
0.0732
0.0738
0.0744
0.075
0.0756
0.0762
0.0768
0.0774
0.078
0.0786
0.0792
0.0748
0.0704
0.066
0.0616
0.0572
0.0528
0.0484
0.044
0.0396
0.0402
0.0408
0.0414
0.042
0.0426
0.0432
0.0438
0.0444
0.045
0.0456
0.0462
0.0468
0.0474
0.048
0.0486
0.0492
0.0498
0.0504
0.051
0.0516
0.0522
0.0528
0.0534
0.054
0.0546
0.0552
0.0558
0.0564
0.057
0.0576
0.0582
0.0588
0.0594
0.06
0.0606
0.0612
0.0618
0.0624
0.063
0.0636
0.0642
0.0648
0.0654
0.066
0.0666
0.0672
0.0678
0.0684
0.069
0.0696
0.0702
0.0708
0.0714
0.072
0.0726
0.0732
0.0738
0.0744
0.075
0.0756
0.0762
0.0768
0.0774
0.078
0.0786
0.0792
0.0798
0.0804
0.081
0.0816
0.0822
0.0828
0.0834
0.084
0.0846
0.0852
0.0858
0.0864
0.087
0.0876
0.0882
0.0888
0.0894
0.09
0.0906
0.0912
0.0918
0.0924
0.093
0.0936
0.0942
0.0948
0.0954
0.096
0.0966
0.0972
0.0978
0.0984
0.099
0.0996
0.1002
0.1008
0.1014
0.102
0.1026
0.1032
0.1038
0.1044
0.105
0.1056
0.1062
0.1068
0.1074
0.108
0.1086
0.1092
0.1098
0.1104
0.111
0.1116
0.1122
0.1128
0.1134
0.114
0.1146
0.1152
0.1158
0.1164
0.117
0.1176
0.1182
0.1188
0.1194
0.12
0.1206
0.1212
0.1218
0.1224
0.123
0.1236
0.1242
0.1248
0.1254
0.126
0.1266
0.1272
0.1278
0.1284
0.129
0.1296
0.1302
0.1308
0.1314
0.132
0.1326
0.1332
0.1338
0.1344
0.135
0.1356
0.1362
0.1368
0.1374
0.138
0.1386
0.1392
0.1398
0.1404
0.141
0.1416
0.1422
0.1428
0.1434
0.144
0.1446
0.1452
0.1458
0.1464
0.147
0.1476
0.1482
0.1488
0.1494
0.15
0.1506
0.1512
0.1518
0.1524
0.153
0.1536
0.1542
0.1548
0.1554
0.156
0.1566
0.1572
0.1578
0.1584
0.159
0.1546
0.1502
0.1458
0.1414
0.137
0.1326
0.1282
0.1238
0.1194
0.12
0.1206
0.1212
0.1218
0.1224
0.123
0.1236
0.1242
0.1248
0.1254
0.126
0.1266
0.1272
0.1278
0.1284
0.129
0.1296
0.1302
0.1308
0.1314
0.132
0.1326
0.1332
0.1338
0.1344
0.135
0.1356
0.1362
0.1368
0.1374
0.138
0.1386
0.1392
0.1398
0.1404
0.136
0.1316
0.1272
0.1228
0.1184
0.114
0.1096
0.1052
0.1008
0.1014
0.102
0.1026
0.1032
0.1038
0.1044
0.105
0.1056
0.1062
0.1068
0.1074
0.108
0.1086
0.1092
0.1098
0.1104
0.111
0.1116
0.1122
0.1128
0.1134
0.114
0.1146
0.1152
0.1158
0.1164
0.117
0.1176
0.1182
0.1188
0.1194
0.12
0.1206
0.1212
0.1218
0.1224
0.123
0.1236
0.1242
0.1248
0.1254
0.126
0.1266
0.1272
0.1278
0.1284
0.129
0.1296
0.1302
0.1308
0.1314
0.132
0.1326
0.1332
0.1338
0.1344
0.135
0.1356
0.1362
0.1368
0.1374
0.138
0.1386
0.1392
0.1398
0.1404
0.141
0.1416
0.1422
0.1428
0.1434
0.144
0.1446
0.1452
0.1458
0.1464
0.147
0.1476
0.1482
0.1488
0.1494
0.15
0.1506
0.1512
0.1518
0.1524
0.153
0.1536
0.1542
0.1548
0.1554
0.156
0.1566
0.1572
0.1578
0.1584
0.159
0.1596
0.1602
0.1608
0.1614
0.162
0.1626
0.1632
0.1638
0.1644
0.165
0.1656
0.1662
0.1668
0.1674
0.168
0.1686
0.1692
0.1698
0.1704
0.171
0.1716
0.1722
0.1728
0.1734
0.174
0.1746
0.1752
0.1758
0.1764
0.177
0.1776
0.1782
0.1788
0.1794
0.175
0.1706
0.1662
0.1618
0.1574
0.153
0.1486
0.1442
0.1398
0.1398
0.1398
0.1398
0.1398
0.1398
0.1398
0.1398
0.1398
0.1398
0.1398
0.1398
0.1398
0.1398
0.1398
0.1398
0.1398
0.1398
0.1398
0.1398
0.1398
0.1398
0.1398
0.1398
0.1398
0.1398
0.1398
0.1398
0.1398
0.1398
0.1398
0.1398
0.1398
0.1398
0.1398
0.1398
0.1398
0.1398
0.1398
0.1398
0.1398
0.1398
0.1398
0.1398
0.1398
0.1398
0.1398
0.1398
0.1398
0.1398
0.1398
0.1398
0.1398
0.1398
0.1398
0.1398
0.1398
0.1398
0.1398
0.1398
0.1398
0.1398
0.1398
0.1398
0.1398
0.1398
0.1398
0.1398
0.1398
0.1398
0.1398
0.1398
0.1398
0.1398
0.1398
0.1398
0.1398
0.1398
0.1398
0.1398
0.1398
0.1398
0.1398
0.1398
0.1398
0.1398
0.1398
0.1398
0.1398
0.1398
0.1398
0.1398
0.1398
0.1398
0.1398
0.1398
0.1398
0.1398
0.1398
0.1398
0.1398
0.1398
0.1398
0.1398
0.1398
0.1398
0.1398
0.1398
0.1398
0.1398
0.1398
0.1398
0.1398
0.1398
0.1398
0.1398
0.1398
0.1398
0.1398
0.1398
0.1398
0.1398
0.1398
0.1398
0.1398
0.1398
0.1398
0.1398
0.1398
0.1398
0.1398
0.1398
0.1398
0.1398
0.1398
0.1398
0.1398
0.1398
0.1398
0.1398
0.1398
0.1398
0.1398
0.1398
0.1398
0.1398
0.1398
0.1398
0.1398
0.1398
0.1398
0.1398
0.1398
0.1398
0.1398
0.1398
0.1398
0.1398
0.1398
0.1398
0.1398
0.1398
0.1398
0.1398
0.1398
0.1398
0.1398
0.1398
0.1398
0.1398
0.1398
0.1398
0.1398
0.1398
0.1398
0.1398
0.1398
0.1398
0.1398
0.1398
0.1398
0.1398
0.1398
0.1398
0.1398
0.1398
0.1398
0.1398
0.1398
0.1398
0.1398
0.1398
0.1398
0.1398
0.1398
0.1398
0.1398
0.1398
0.1398
0.1398
0.1398
0.1398
0.1398
0.1398
0.1398
0.1398
0.1398
0.1398
0.1398
0.1398
0.1398
0.1398
0.1398
0.1398
0.1398
0.1398
0.1398
0.1398
0.1398
0.1398
0.1398
0.1398
0.1398
0.1398
0.1398
0.1398
0.1398
0.1398
0.1398
0.1398
0.1398
0.1398
0.1398
0.1398
0.1398
0.1398
0.1398
0.1398
0.1398
0.1398
0.1398
0.1398
0.1398
0.1398
0.1398
0.1398
0.1398
0.1398
0.1398
0.1398
0.1398
0.1398
0.1398
0.1398
0.1398
0.1398
0.1398
0.1398
0.1398
0.1398
0.1398
0.1398
0.1398
0.1398
0.1398
0.1398
0.1398
0.1398
0.1398
0.1398
0.1398
0.1398
0.1398
0.1398
0.1398
0.1398
0.1398
0.1398
0.1398
0.1398
0.1398
0.1398
0.1398
0.1398
0.1398
0.1398
0.1398
0.1398
0.1398
0.1398
0.1398
0.1398
0.1398
0.1398
0.1398
0.1398
0.1398
0.1398
0.1398
0.1398
0.1398
0.1398
0.1398
0.1398
0.1398
0.1398
0.1398
0.1398
0.1398
0.1398
0.1398
0.1398
0.1398
0.1398
0.1398
0.1398
0.1398
0.1398
0.1398
0.1398
0.1398
0.1398
0.1398
0.1398
0.1398
0.1398
0.1398
0.1398
0.1398
0.1398
0.1398
0.1398
0.1398
0.1398
0.1398
0.1398
0.1398
0.1398
0.1398
0.1398
0.1398
0.1398
0.1398
0.1398
0.1398
0.1398
0.1398
0.1398
0.1398
0.1398
0.1398
0.1398
0.1398
0.1398
0.1398
0.1398
0.1398
0.1398
0.1398
0.1398
0.1398
0.1398
0.1398
0.1398
0.1398
0.1398
0.1398
0.1398
0.1398
0.1398
0.1398
0.1398
0.1398
0.1398
0.1398
0.1398
0.1398
0.1398
0.1398
0.1398
0.1398
0.1398
0.1398
0.1398
0.1398
0.1398
0.1398
0.1398
0.1398
0.1398
0.1398
0.1398
0.1398
0.1398
0.1398
0.1398
0.1398
0.1398
0.1398
0.1398
0.1398
0.1398
0.1398
0.1398
0.1398
0.1398
0.1398
0.1398
0.1398
0.1398
0.1398
0.1398
0.1398
0.1398
0.1398
0.1398
0.1398
0.1398
0.1398
0.1398
0.1398
0.1398
0.1398
0.1398
0.1398
0.1398
0.1398
0.1398
0.1398
0.1398
0.1398
0.1398
0.1398
0.1398
0.1398
0.1398
0.1398
0.1398
0.1398
0.1398
0.1398
0.1398
0.1398
0.1398
0.1398
0.1398
0.1398
0.1398
0.1398
0.1398
0.1398
0.1398
0.1398
0.1398
0.1398
0.1398
0.1398
0.1398
0.1398
0.1398
0.1398
0.1398
0.1398
0.1398
0.1398
0.1398
0.1398
0.1398
0.1398
0.1398
0.1398
0.1398
0.1398
0.1398
0.1398
0.1398
0.1398
0.1398
0.1398
0.1398
0.1398
0.1398
0.1398
0.1398
0.1398
0.1398
0.1398
0.1398
0.1398
0.1398
0.1398
0.1398
0.1398
0.1398
0.1398
0.1398
0.1398
0.1398
0.1398
0.1398
0.1398
0.1398
0.1398
0.1398
0.1398
0.1398
0.0404
0.0
0.0
0.0
0.0
0.0
0.0
0.0
0.0
0.0
0.0
0.0
0.0
0.0
0.0
0.0
0.0
0.0
0.0
0.0
0.0
6.0E-4
0.0012
0.0018
0.0024
0.003
0.0036
0.0042
0.0048
0.0054
0.006
0.0066
0.0072
0.0078
0.0084
0.009
0.0096
0.0102
0.0108
0.0114
0.012
0.0126
0.0132
0.0138
0.0144
0.015
0.0156
0.0162
0.0168
0.0174
0.018
0.0186
0.0192
0.0198
0.0204
0.021
0.0216
0.0222
0.0228
0.0234
0.024
0.0246
0.0252
0.0258
0.0264
0.027
0.0276
0.0282
0.0288
0.0294
0.03
0.0306
0.0312
0.0318
0.0324
0.033
0.0336
0.0342
0.0348
0.0354
0.036
0.0366
0.0372
0.0378
0.0384
0.039
0.0396
0.0402
0.0408
0.0414
0.042
0.0426
0.0432
0.0438
0.0444
0.045
0.0456
0.0462
0.0468
0.0474
0.048
0.0486
0.0492
0.0498
0.0504
0.051
0.0516
0.0522
0.0528
0.0534
0.054
0.0546
0.0552
0.0558
0.0564
0.057
0.0576
0.0582
0.0588
0.0594
0.06
0.0606
0.0612
0.0618
0.0624
0.063
0.0636
0.0642
0.0648
0.0654
0.066
0.0666
0.0672
0.0678
0.0684
0.069
0.0696
0.0702
0.0708
0.0714
0.072
0.0726
0.0732
0.0738
0.0744
0.075
0.0756
0.0762
0.0768
0.0774
0.078
0.0786
0.0792
0.0798
0.0804
0.081
0.0816
0.0822
0.0828
0.0834
0.084
0.0846
0.0852
0.0858
0.0864
0.087
0.0876
0.0882
0.0888
0.0894
0.09
0.0906
0.0912
0.0918
0.0924
0.093
0.0936
0.0942
0.0948
0.0954
0.091
0.0866
0.0822
0.0778
0.0734
0.069
0.0646
0.0602
0.0558
0.0564
0.057
0.0576
0.0582
0.0588
0.0594
0.06
0.0606
0.0612
0.0618
0.0624
0.063
0.0636
0.0642
0.0648
0.0654
0.066
0.0666
0.0672
0.0678
0.0684
0.069
0.0696
0.0702
0.0708
0.0714
0.072
0.0726
0.0732
0.0738
0.0744
0.075
0.0756
0.0762
0.0768
0.0774
0.078
0.0786
0.0792
0.0798
0.0804
0.081
0.0816
0.0822
0.0828
0.0834
0.084
0.0846
0.0852
0.0858
0.0864
0.087
0.0876
0.0882
0.0888
0.0894
0.09
0.0906
0.0912
0.0918
0.0924
0.093
0.0936
0.0942
0.0948
0.0954
0.096
0.0966
0.0972
0.0978
0.0984
0.099
0.0996
0.1002
0.1008
0.1014
0.102
0.1026
0.1032
0.1038
0.1044
0.105
0.1056
0.1062
0.1068
0.1074
0.108
0.1086
0.1092
0.1098
0.1104
0.111
0.1116
0.1122
0.1128
0.1134
0.114
0.1146
0.1152
0.1158
0.1164
0.117
0.1176
0.1182
0.1188
0.1194
0.12
0.1206
0.1212
0.1218
0.1224
0.123
0.1236
0.1242
0.1248
0.1254
0.126
0.1266
0.1272
0.1278
0.1284
0.129
0.1296
0.1302
0.1308
0.1314
0.132
0.1326
0.1332
0.1338
0.1344
0.135
0.1356
0.1362
0.1368
0.1374
0.138
0.1386
0.1392
0.1398
0.1404
0.136
0.1316
0.1272
0.1228
0.1184
0.114
0.1096
0.1052
0.1008
0.1014
0.102
0.1026
0.1032
0.1038
0.1044
0.105
0.1056
0.1062
0.1068
0.1074
0.108
0.1086
0.1092
0.1098
0.1104
0.111
0.1116
0.1122
0.1128
0.1134
0.114
0.1146
0.1152
0.1158
0.1164
0.117
0.1176
0.1182
0.1188
0.1194
0.12
0.1206
0.1212
0.1218
0.1224
0.123
0.1236
0.1242
0.1248
0.1254
0.126
0.1266
0.1272
0.1278
0.1284
0.129
0.1296
0.1302
0.1308
0.1314
0.132
0.1326
0.1332
0.1338
0.1344
0.135
0.1356
0.1362
0.1368
0.1374
0.138
0.1386
0.1392
0.1398
0.1404
0.141
0.1416
0.1422
0.1428
0.1434
0.144
0.1446
0.1452
0.1458
0.1464
0.147
0.1476
0.1482
0.1488
0.1494
0.15
0.1506
0.1512
0.1518
0.1524
0.153
0.1536
0.1542
0.1548
0.1554
0.156
0.1566
0.1572
0.1578
0.1584
0.159
0.1596
0.1602
0.1608
0.1614
0.162
0.1626
0.1632
0.1638
0.1644
0.165
0.1656
0.1662
0.1668
0.1674
0.168
0.1686
0.1692
0.1698
0.1704
0.171
0.1716
0.1722
0.1728
0.1734
0.174
0.1746
0.1752
0.1758
0.1764
0.177
0.1776
0.1782
0.1788
0.1794
0.18
0.1806
0.1812
0.1818
0.1824
0.183
0.1836
0.1842
0.1848
0.1854
0.186
0.1866
0.1872
0.1878
0.1884
0.189
0.1896
0.1902
0.1908
0.1914
0.192
0.1926
0.1932
0.1938
0.1944
0.195
0.1956
0.1962
0.1968
0.1974
0.198
0.1986
0.1992
0.1998
0.2004
0.201
0.2016
0.2022
0.2028
0.2034
0.204
0.2046
0.2052
0.2058
0.2064
0.207
0.2076
0.2082
0.2088
0.2094
0.21
0.2106
0.2112
0.2118
0.2124
0.213
0.2136
0.2142
0.2148
0.2154
0.216
0.2166
0.2172
0.2178
0.2184
0.219
0.2196
0.2202
0.2208
0.2214
0.222
0.2226
0.2232
0.2238
0.2244
0.225
0.2256
0.2262
0.2268
0.2274
0.228
0.2286
0.2292
0.2298
0.2304
0.231
0.2316
0.2322
0.2328
0.2334
0.234
0.2346
0.2352
0.2358
0.2364
0.237
0.2376
0.2382
0.2388
0.2394
0.24
0.2406
0.2412
0.2418
0.2424
0.243
0.2436
0.2442
0.2448
0.2454
0.246
0.2466
0.2472
0.2478
0.2484
0.249
0.2496
0.2502
0.2508
0.2514
0.252
0.2526
0.2532
0.2538
0.2544
0.255
0.2556
0.2562
0.2568
0.2574
0.258
0.2586
0.2592
0.2598
0.2604
0.261
0.2616
0.2622
0.2628
0.2634
0.264
0.2646
0.2652
0.2658
0.2664
0.267
0.2676
0.2682
0.2688
0.2694
0.27
0.2706
0.2712
0.2718
0.2724
0.273
0.2736
0.2742
0.2748
0.2754
0.276
0.2766
0.2772
0.2778
0.2784
0.279
0.2796
0.2802
0.2808
0.2814
0.282
0.2826
0.2832
0.2838
0.2844
0.285
0.2856
0.2862
0.2868
0.2874
0.288
0.2886
0.2892
0.2898
0.2904
0.291
0.2916
0.2922
0.2928
0.2934
0.294
0.2946
0.2952
0.2958
0.2964
0.297
0.2976
0.2982
0.2988
0.2994
0.3
0.3006
0.3012
0.3018
0.3024
0.303
0.3036
0.3042
0.3048
0.3054
0.306
0.3066
0.3072
0.3078
0.3084
0.309
0.3096
0.3102
0.3108
0.3114
0.312
0.3126
0.3132
0.3138
0.3144
0.315
0.3156
0.3162
0.3168
0.3174
0.318
0.3186
0.3192
0.3198
0.3204
0.321
0.3216
0.3222
0.3228
0.3234
0.324
0.3246
0.3252
0.3258
0.3264
0.327
0.3276
0.3282
0.3288
0.3294
0.33
0.3306
0.3312
0.3318
0.3324
0.333
0.3336
0.3342
0.3348
0.3354
0.336
0.3366
0.3372
0.3378
0.3384
0.339
0.3396
0.3402
0.3408
0.3414
0.342
0.3426
0.3432
0.3438
0.3444
0.345
0.3456
0.3462
0.3468
0.3474
0.348
0.3486
0.3492
0.3498
0.3504
0.351
0.3516
0.3522
0.3528
0.3534
0.354
0.3546
0.3552
0.3558
0.3564
0.357
0.3576
0.3582
0.3588
0.3594
0.36
0.3606
0.3612
0.3618
0.3624
0.363
0.3636
0.3642
0.3648
0.3654
0.366
0.3666
0.3672
0.3678
0.3684
0.369
0.3696
0.3702
0.3708
0.3714
0.372
0.3726
0.3732
0.3738
0.3744
0.375
0.3756
0.3762
0.3768
0.3724
0.368
0.3636
0.3592
0.3548
0.3504
0.346
0.3416
0.3372
0.3378
0.3384
0.339
0.3396
0.3402
0.3408
0.3414
0.342
0.3426
0.3432
0.3438
0.3444
0.345
0.3456
0.3462
0.3468
0.3474
0.348
0.3486
0.3492
0.3498
0.3504
0.351
0.3516
0.3522
0.3528
0.3534
0.354
0.3546
0.3552
0.3558
0.3564
0.357
0.3576
0.3582
0.3588
0.3594
0.36
0.3606
0.3612
0.3618
0.3624
0.363
0.3636
0.3642
0.3648
0.3654
0.366
0.3666
0.3672
0.3678
0.3684
0.369
0.3696
0.3702
0.3708
0.3714
0.372
0.3726
0.3732
0.3738
0.3744
0.375
0.3756
0.3762
0.3768
0.3774
0.378
0.3786
0.3792
0.3798
0.3804
0.381
0.3816
0.3822
0.3828
0.3834
0.384
0.3846
0.3852
0.3858
0.3864
0.387
0.3876
0.3882
0.3888
0.3894
0.39
0.3906
0.3912
0.3918
0.3924
0.393
0.3936
0.3942
0.3948
0.3954
0.396
0.3966
0.3972
0.3978
0.3984
0.399
0.3996
0.4002
0.4008
0.4014
0.402
0.4026
0.4032
0.4038
0.4044
0.405
0.4056
0.4062
0.4068
0.4074
0.408
0.4086
0.4092
0.4098
0.4104
0.311
0.2116
0.1122
0.0128
0.0
0.0
0.0
0.0
0.0
0.0
0.0
0.0
0.0
0.0
0.0
0.0
0.0
0.0
0.0
0.0
0.0
0.0
0.0
0.0
0.0
0.0
0.0
0.0
0.0
0.0
0.0
0.0
0.0
0.0
0.0
0.0
0.0
0.0
0.0
0.0
0.0
0.0
0.0
0.0
0.0
0.0
0.0
0.0
0.0
0.0
0.0
0.0
0.0
0.0
0.0
0.0
0.0
0.0
0.0
0.0
0.0
0.0
0.0
0.0
0.0
0.0
0.0
0.0
0.0
0.0
0.0
0.0
0.0
0.0
0.0
0.0
0.0
0.0
0.0
0.0
0.0
0.0
0.0
0.0
0.0
0.0
0.0
0.0
0.0
0.0
0.0
0.0
0.0
0.0
0.0
0.0
0.0
0.0
0.0
0.0
0.0
0.0
0.0
0.0
0.0
0.0
0.0
0.0
0.0
0.0
0.0
0.0
0.0
0.0
0.0
0.0
0.0
0.0
0.0
0.0
0.0
0.0
0.0
0.0
0.0
0.0
0.0
0.0
0.0
0.0
0.0
0.0
0.0
0.0
0.0
0.0
0.0
0.0
0.0
0.0
0.0
0.0
0.0
0.0
0.0
0.0
0.0
0.0
0.0
0.0
0.0
0.0
0.0
0.0
0.0
0.0
0.0
0.0
0.0
0.0
0.0
0.0
0.0
0.0
0.0
0.0
0.0
0.0
0.0
0.0
0.0
0.0
0.0
0.0
0.0
0.0
0.0
0.0
0.0
0.0
0.0
0.0
0.0
0.0
0.0
0.0
0.0
0.0
0.0
0.0
0.0
0.0
0.0
0.0
0.0
0.0
0.0
0.0
0.0
0.0
0.0
0.0
0.0
0.0
0.0
0.0
0.0
0.0
0.0
0.0
0.0
0.0
0.0
0.0
0.0
0.0
0.0
0.0
0.0
0.0
0.0
0.0
0.0
0.0
0.0
0.0
0.0
0.0
0.0
0.0
0.0
0.0
0.0
0.0
0.0
0.0
0.0
0.0
0.0
0.0
0.0
0.0
0.0
0.0
0.0
0.0
0.0
0.0
0.0
0.0
0.0
0.0
0.0
0.0
0.0
0.0
0.0
0.0
0.0
0.0
0.0
0.0
0.0
0.0
0.0
0.0
0.0
0.0
0.0
0.0
0.0
0.0
0.0
0.0
0.0
0.0
0.0
0.0
0.0
0.0
0.0
0.0
0.0
0.0
0.0
0.0
0.0
0.0
0.0
0.0
0.0
0.0
0.0
0.0
0.0
0.0
0.0
0.0
0.0
0.0
0.0
0.0
0.0
0.0
0.0
0.0
0.0
0.0
0.0
0.0
0.0
0.0
0.0
0.0
0.0
0.0
0.0
0.0
0.0
0.0
0.0
0.0
0.0
0.0
0.0
0.0
0.0
0.0
0.0
0.0
0.0
0.0
0.0
0.0
0.0
0.0
0.0
0.0
0.0
0.0
0.0
0.0
0.0
0.0
0.0
0.0
0.0
0.0
0.0
0.0
0.0
0.0
0.0
0.0
0.0
0.0
0.0
0.0
0.0
0.0
0.0
0.0
0.0
0.0
0.0
0.0
0.0
0.0
0.0
0.0
0.0
0.0
0.0
0.0
0.0
0.0
0.0
0.0
0.0
0.0
0.0
0.0
0.0
0.0
0.0
0.0
0.0
0.0
0.0
0.0
0.0
0.0
0.0
0.0
0.0
0.0
0.0
0.0
0.0
0.0
0.0
0.0
0.0
0.0
0.0
0.0
0.0
0.0
0.0
0.0
0.0
0.0
0.0
0.0
0.0
0.0
0.0
0.0
0.0
0.0
0.0
0.0
0.0
0.0
0.0
0.0
0.0
0.0
0.0
0.0
0.0
0.0
0.0
0.0
0.0
0.0
0.0
0.0
0.0
0.0
0.0
0.0
0.0
0.0
0.0
0.0
0.0
0.0
0.0
0.0
0.0
0.0
0.0
0.0
0.0
0.0
0.0
0.0
0.0
0.0
0.0
0.0
0.0
0.0
0.0
0.0
0.0
0.0
0.0
0.0
0.0
0.0
0.0
0.0
0.0
0.0
0.0
0.0
0.0
0.0
0.0
0.0
0.0
0.0
0.0
0.0
0.0
0.0
0.0
0.0
0.0
0.0
0.0
0.0
0.0
0.0
0.0
6.0E-4
0.0012
0.0018
0.0024
0.003
0.0036
0.0042
0.0048
0.0054
0.006
0.0066
0.0072
0.0078
0.0084
0.009
0.0096
0.0102
0.0108
0.0114
0.012
0.0126
0.0132
0.0138
0.0144
0.015
0.0156
0.0162
0.0168
0.0174
0.018
0.0186
0.0192
0.0198
0.0204
0.021
0.0216
0.0222
0.0228
0.0234
0.024
0.0246
0.0252
0.0258
0.0264
0.027
0.0276
0.0282
0.0288
0.0294
0.03
0.0306
0.0312
0.0318
0.0324
0.033
0.0336
0.0342
0.0348
0.0354
0.036
0.0366
0.0372
0.0378
0.0384
0.039
0.0396
0.0402
0.0408
0.0414
0.042
0.0426
0.0432
0.0438
0.0444
0.045
0.0456
0.0462
0.0468
0.0474
0.048
0.0486
0.0492
0.0498
0.0504
0.051
0.0516
0.0522
0.0528
0.0534
0.054
0.0546
0.0552
0.0558
0.0564
0.057
0.0576
0.0582
0.0588
0.0594
0.06
0.0606
0.0612
0.0618
0.0624
0.063
0.0636
0.0642
0.0648
0.0654
0.066
0.0666
0.0672
0.0678
0.0684
0.069
0.0696
0.0702
0.0708
0.0714
0.072
0.0726
0.0732
0.0738
0.0744
0.075
0.0756
0.0762
0.0768
0.0774
0.078
0.0786
0.0792
0.0798
0.0804
0.081
0.0816
0.0822
0.0828
0.0834
0.084
0.0846
0.0852
0.0858
0.0864
0.087
0.0876
0.0882
0.0888
0.0894
0.09
0.0906
0.0912
0.0918
0.0924
0.093
0.0936
0.0942
0.0948
0.0954
0.096
0.0966
0.0972
0.0978
0.0984
0.099
0.0996
0.1002
0.1008
0.1014
0.102
0.1026
0.1032
0.1038
0.1044
0.105
0.1056
0.1062
0.1068
0.1074
0.108
0.1086
0.1092
0.1098
0.1104
0.111
0.1116
0.1122
0.1128
0.1134
0.114
0.1146
0.1152
0.1158
0.1164
0.117
0.1176
0.1182
0.1188
0.1194
0.12
0.1206
0.1212
0.1218
0.1224
0.123
0.1236
0.1242
0.1248
0.1254
0.126
0.1266
0.1272
0.1278
0.1284
0.129
0.1296
0.1302
0.1308
0.1314
0.132
0.1326
0.1332
0.1338
0.1344
0.135
0.1356
0.1362
0.1368
0.1374
0.138
0.1386
0.1392
0.1398
0.1404
0.141
0.1416
0.1422
0.1428
0.1434
0.144
0.1446
0.1452
0.1458
0.1464
0.147
0.1426
0.1382
0.1338
0.1294
0.125
0.1206
0.1162
0.1118
0.1074
0.103
0.0986
0.0942
0.0898
0.0854
0.081
0.0766
0.0722
0.0678
0.0634
0.059
0.0546
0.0502
0.0458
0.0414
0.042
0.0426
0.0432
0.0438
0.0444
0.045
0.0456
0.0462
0.0468
0.0474
0.048
0.0486
0.0492
0.0498
0.0504
0.051
0.0516
0.0522
0.0528
0.0534
0.054
0.0546
0.0552
0.0558
0.0564
0.057
0.0576
0.0582
0.0588
0.0594
0.06
0.0606
0.0612
0.0618
0.0624
0.063
0.0636
0.0642
0.0648
0.0654
0.066
0.0666
0.0672
0.0678
0.0684
0.069
0.0696
0.0702
0.0708
0.0714
0.072
0.0726
0.0732
0.0738
0.0744
0.075
0.0756
0.0762
0.0768
0.0774
0.078
0.0786
0.0792
0.0798
0.0804
0.081
0.0816
0.0822
0.0828
0.0834
0.084
0.0846
0.0852
0.0858
0.0864
0.087
0.0876
0.0882
0.0888
0.0894
0.09
0.0906
0.0912
0.0918
0.0924
0.093
0.0936
0.0942
0.0948
0.0954
0.096
0.0966
0.0972
0.0978
0.0984
0.099
0.0996
0.1002
0.1008
0.1014
0.102
0.1026
0.1032
0.1038
0.1044
0.105
0.1056
0.1062
0.1068
0.1074
0.108
0.1086
0.1092
0.1098
0.1104
0.111
0.1116
0.1122
0.1128
0.1134
0.114
0.1146
0.1152
0.1158
0.1164
0.117
0.1176
0.1182
0.1188
0.1194
0.12
0.1206
0.1212
0.1218
0.1224
0.123
0.1236
0.1242
0.1248
0.1254
0.126
0.1266
0.1272
0.1278
0.1284
0.129
0.1296
0.1302
0.1308
0.1314
0.132
0.1326
0.1332
0.1338
0.1344
0.135
0.1356
0.1362
0.1368
0.1374
0.138
0.1386
0.1392
0.1398
0.1404
0.141
0.1416
0.1422
0.1428
0.1434
0.144
0.1446
0.1452
0.1458
0.1464
0.147
0.1476
0.1482
0.1488
0.1494
0.15
0.1506
0.1512
0.1518
0.1524
0.153
0.1536
0.1542
0.1548
0.1554
0.156
0.1566
0.1572
0.1578
0.1584
0.159
0.1596
0.1602
0.1608
0.1614
0.162
0.1626
0.1632
0.1638
0.1644
0.165
0.1656
0.1662
0.1668
0.1674
0.168
0.1686
0.1692
0.1698
0.1704
0.171
0.1716
0.1722
0.1728
0.1734
0.174
0.1746
0.1752
0.1758
0.1764
0.177
0.1776
0.1782
0.1738
0.1694
0.165
0.1606
0.1562
0.1518
0.1474
0.143
0.1386
0.1342
0.1298
0.1254
0.121
0.1166
0.1122
0.1078
0.1034
0.099
0.0946
0.0902
0.0858
0.0814
0.077
0.0726
0.0682
0.0638
0.0644
0.065
0.0656
0.0662
0.0668
0.0674
0.068
0.0686
0.0692
0.0698
0.0704
0.071
0.0716
0.0722
0.0728
0.0734
0.074
0.0746
0.0752
0.0758
0.0764
0.077
0.0776
0.0782
0.0788
0.0794
0.08
0.0806
0.0812
0.0818
0.0824
0.083
0.0836
0.0842
0.0848
0.0854
0.086
0.0866
0.0872
0.0878
0.0884
0.089
0.0896
0.0902
0.0908
0.0914
0.092
0.0926
0.0932
0.0938
0.0944
0.095
0.0956
0.0962
0.0968
0.0974
0.098
0.0986
0.0992
0.0998
0.1004
0.101
0.1016
0.1022
0.1028
0.1034
0.104
0.1046
0.1052
0.1058
0.1064
0.107
0.1076
0.1082
0.1088
0.1094
0.11
0.1106
0.1112
0.1118
0.1124
0.113
0.1136
0.1142
0.1148
0.1154
0.116
0.1166
0.1172
0.1178
0.1184
0.119
0.1196
0.1202
0.1208
0.1214
0.122
0.1226
0.1232
0.1238
0.1244
0.125
0.1256
0.1262
0.1268
0.1274
0.128
0.1286
0.1292
0.1298
0.1304
0.131
0.1316
0.1322
0.1328
0.1334
0.134
0.1346
0.1352
0.1358
0.1364
0.137
0.1376
0.1382
0.1388
0.1394
0.14
0.1406
0.1412
0.1418
0.1424
0.143
0.1436
0.1442
0.1448
0.1454
0.146
0.1466
0.1472
0.1478
0.1484
0.149
0.1496
0.1502
0.1508
0.1514
0.152
0.1526
0.1532
0.1538
0.1544
0.155
0.1556
0.1562
0.1568
0.1574
0.158
0.1586
0.1592
0.1598
0.1604
0.161
0.1616
0.1622
0.1628
0.1634
0.164
0.1646
0.1652
0.1658
0.1664
0.167
0.1676
0.1682
0.1688
0.1694
0.17
0.1706
0.1712
0.1718
0.1724
0.173
0.1736
0.1742
0.1748
0.1754
0.176
0.1766
0.1772
0.1778
0.1784
0.179
0.1796
0.1802
0.1808
0.1814
0.182
0.1826
0.1832
0.1838
0.1844
0.185
0.1856
0.1862
0.1868
0.1874
0.188
0.1886
0.1892
0.1898
0.1904
0.191
0.1916
0.1922
0.1928
0.1934
0.194
0.1946
0.1952
0.1958
0.1964
0.197
0.1976
0.1982
0.1988
0.1994
0.2
0.2006
0.2012
0.2018
0.2024
0.203
0.2036
0.2042
0.2048
0.2054
0.206
0.2066
0.2072
0.2078
0.2084
0.209
0.2096
0.2102
0.2108
0.2114
0.212
0.2126
0.2132
0.2138
0.2144
0.215
0.2156
0.2162
0.2168
0.2174
0.218
0.2186
0.2192
0.2198
0.2204
0.221
0.2216
0.2222
0.2228
0.2234
0.224
0.2246
0.2252
0.2258
0.2264
0.227
0.2226
0.2182
0.2138
0.2094
0.205
0.2006
0.1962
0.1918
0.1874
0.188
0.1886
0.1892
0.1898
0.1904
0.191
0.1916
0.1922
0.1928
0.1934
0.194
0.1946
0.1952
0.1958
0.1964
0.197
0.1976
0.1982
0.1988
0.1994
0.2
0.2006
0.2012
0.2018
0.2024
0.203
0.2036
0.2042
0.2048
0.2054
0.206
0.2066
0.2072
0.2078
0.2084
0.209
0.2096
0.2102
0.2108
0.2114
0.212
0.2126
0.2132
0.2138
0.2144
0.215
0.2156
0.2162
0.2168
0.2174
0.218
0.2186
0.2192
0.2198
0.2204
0.221
0.2216
0.2222
0.2228
0.2234
0.224
0.2246
0.2252
0.2258
0.2264
0.227
0.2276
0.2282
0.2288
0.2294
0.23
0.2306
0.2312
0.2318
0.2324
0.233
0.2336
0.2342
0.2348
0.2354
0.236
0.2366
0.2372
0.2378
0.2384
0.239
0.2396
0.2402
0.2408
0.2414
0.242
0.2426
0.2432
0.2438
0.2444
0.245
0.2456
0.2462
0.2468
0.2474
0.248
0.2486
0.2492
0.2498
0.2504
0.251
0.2516
0.2522
0.2528
0.2534
0.254
0.2546
0.2552
0.2558
0.2564
0.257
0.2576
0.2582
0.2588
0.2594
0.26
0.2606
0.2612
0.2618
0.2624
0.263
0.2636
0.2642
0.2648
0.2654
0.266
0.2666
0.2672
0.2678
0.2684
0.269
0.2696
0.2702
0.2708
0.2714
0.272
0.2726
0.2732
0.2738
0.2744
0.275
0.2756
0.2762
0.2768
0.2774
0.278
0.2786
0.2792
0.2798
0.2804
0.281
0.2816
0.2822
0.2828
0.2834
0.284
0.2846
0.2852
0.2858
0.2864
0.282
0.2776
0.2732
0.2688
0.2644
0.26
0.2556
0.2512
0.2468
0.2468
0.2468
0.2468
0.2468
0.2468
0.2468
0.2468
0.2468
0.2468
0.2468
0.2468
0.2468
0.2468
0.2468
0.2468
0.2468
0.2468
0.2468
0.2468
0.2468
0.2468
0.2468
0.2468
0.2468
0.2468
0.2468
0.2468
0.2468
0.2468
0.2468
0.2468
0.2468
0.2468
0.2468
0.2468
0.2468
0.2468
0.2468
0.2468
0.2468
0.2468
0.2468
0.2468
0.2468
0.2468
0.2468
0.2468
0.2468
0.2468
0.2468
0.2468
0.2468
0.2468
0.2468
0.2468
0.2468
0.2468
0.2468
0.2468
0.2468
0.2468
0.2468
0.2468
0.2468
0.2468
0.2468
0.2468
0.2468
0.2468
0.2468
0.2468
0.2468
0.2468
0.2468
0.2468
0.2468
0.2468
0.2468
0.2468
0.2468
0.2468
0.2468
0.2468
0.2468
0.2468
0.2468
0.2468
0.2468
0.2468
0.2468
0.2468
0.2468
0.2468
0.2468
0.2468
0.2468
0.2468
0.2468
0.2468
0.2468
0.2468
0.2468
0.2468
0.2468
0.2468
0.2468
0.2468
0.2468
0.2468
0.2468
0.2468
0.2468
0.2468
0.2468
0.2468
0.2468
0.2468
0.2468
0.2468
0.2468
0.2468
0.2468
0.2468
0.2468
0.2468
0.2468
0.2468
0.2468
0.2468
0.2468
0.2468
0.2468
0.2468
0.2468
0.2468
0.2468
0.2468
0.2468
0.2468
0.2468
0.2468
0.2468
0.2468
0.2468
0.2468
0.2468
0.2468
0.2468
0.2468
0.2468
0.2468
0.2468
0.2468
0.2468
0.2468
0.2468
0.2468
0.2468
0.2468
0.2468
0.2468
0.2468
0.2468
0.2468
0.2468
0.2468
0.2468
0.2468
0.2468
0.2468
0.2468
0.2468
0.2468
0.2468
0.2468
0.2468
0.2468
0.2468
0.2468
0.2468
0.2468
0.2468
0.2468
0.2468
0.2468
0.2468
0.2468
0.2468
0.2468
0.2468
0.2468
0.2468
0.2468
0.2468
0.2468
0.2468
0.2468
0.2468
0.2468
0.2468
0.2468
0.2468
0.2468
0.2468
0.2468
0.2468
0.2468
0.2468
0.2468
0.2468
0.2468
0.2468
0.2468
0.2468
0.2468
0.2468
0.2468
0.2468
0.2468
0.2468
0.2468
0.2468
0.2468
0.2468
0.2468
0.2468
0.2468
0.2468
0.2468
0.2468
0.2468
0.2468
0.2468
0.2468
0.2468
0.2468
0.2468
0.2468
0.2468
0.2468
0.2468
0.2468
0.2468
0.2468
0.2468
0.2468
0.2468
0.2468
0.2468
0.2468
0.2468
0.2468
0.2468
0.2468
0.2468
0.2468
0.2468
0.2468
0.2468
0.2468
0.2468
0.2468
0.2468
0.2468
0.2468
0.2468
0.2468
0.2468
0.2468
0.2468
0.2468
0.2468
0.2468
0.2468
0.2468
0.2468
0.2468
0.2468
0.2468
0.2468
0.2468
0.2468
0.2468
0.2468
0.2468
0.2468
0.2468
0.2468
0.2468
0.2468
0.2468
0.2468
0.2468
0.2468
0.2468
0.2468
0.2468
0.2468
0.2468
0.2468
0.2468
0.2468
0.2468
0.2468
0.2468
0.2468
0.2468
0.2468
0.2468
0.2468
0.2468
0.2468
0.2468
0.2468
0.2468
0.2468
0.2468
0.2468
0.2468
0.2468
0.2468
0.2468
0.2468
0.2468
0.2468
0.2468
0.2468
0.2468
0.2468
0.2468
0.2468
0.2468
0.2468
0.2468
0.2468
0.2468
0.2468
0.2468
0.2468
0.2468
0.2468
0.2468
0.2468
0.2468
0.2468
0.2468
0.2468
0.2468
0.2468
0.2468
0.2468
0.2468
0.2468
0.2468
0.2468
0.2468
0.2468
0.2468
0.2468
0.2468
0.2468
0.2468
0.2468
0.2468
0.2468
0.2468
0.2468
0.2468
0.2468
0.2468
0.2468
0.2468
0.2468
0.2468
0.2468
0.2468
0.2468
0.2468
0.2468
0.2468
0.2468
0.2468
0.2468
0.2468
0.2468
0.2468
0.2468
0.2468
0.2468
0.2468
0.2468
0.2468
0.2468
0.2468
0.2468
0.2468
0.2468
0.2468
0.2468
0.2468
0.2468
0.2468
0.2468
0.2468
0.2468
0.2468
0.2468
0.2468
0.2468
0.2468
0.2468
0.2468
0.2468
0.2468
0.2468
0.2468
0.2468
0.2468
0.2468
0.2468
0.2468
0.2468
0.2468
0.2468
0.2468
0.2468
0.2468
0.2468
0.2468
0.2468
0.2468
0.2468
0.2468
0.2468
0.2468
0.2468
0.2468
0.2468
0.2468
0.2468
0.2468
0.2468
0.2468
0.2468
0.2468
0.2468
0.2468
0.2468
0.2468
0.2468
0.2468
0.2468
0.2468
0.2468
0.2468
0.2468
0.2468
0.2468
0.2468
0.2468
0.2468
0.2468
0.2468
0.2468
0.2468
0.2468
0.2468
0.2468
0.2468
0.2468
0.2468
0.2468
0.2468
0.2468
0.2468
0.1474
0.048
0.0
0.0
0.0
0.0
0.0
0.0
0.0
0.0
0.0
0.0
0.0
0.0
0.0
0.0
0.0
0.0
0.0
0.0
0.0
6.0E-4
0.0012
0.0018
0.0024
0.003
0.0036
0.0042
0.0048
0.0054
0.006
0.0066
0.0072
0.0078
0.0084
0.009
0.0096
0.0102
0.0108
0.0114
0.012
0.0126
0.0132
0.0138
0.0144
0.015
0.0156
0.0162
0.0168
0.0174
0.018
0.0186
0.0192
0.0198
0.0204
0.021
0.0216
0.0222
0.0228
0.0234
0.024
0.0246
0.0252
0.0258
0.0264
0.027
0.0276
0.0282
0.0288
0.0294
0.03
0.0306
0.0312
0.0318
0.0324
0.033
0.0336
0.0342
0.0348
0.0354
0.036
0.0366
0.0372
0.0378
0.0384
0.039
0.0396
0.0402
0.0408
0.0414
0.042
0.0426
0.0432
0.0438
0.0444
0.045
0.0456
0.0462
0.0468
0.0474
0.048
0.0486
0.0492
0.0498
0.0504
0.051
0.0516
0.0522
0.0528
0.0534
0.054
0.0546
0.0552
0.0558
0.0564
0.057
0.0576
0.0582
0.0588
0.0594
0.06
0.0606
0.0612
0.0618
0.0624
0.063
0.0636
0.0642
0.0648
0.0654
0.066
0.0666
0.0672
0.0678
0.0684
0.069
0.0696
0.0702
0.0708
0.0714
0.072
0.0726
0.0732
0.0738
0.0744
0.075
0.0756
0.0762
0.0768
0.0774
0.078
0.0786
0.0792
0.0798
0.0804
0.081
0.0816
0.0822
0.0828
0.0834
0.084
0.0846
0.0852
0.0858
0.0864
0.087
0.0876
0.0882
0.0888
0.0894
0.09
0.0906
0.0912
0.0918
0.0924
0.093
0.0936
0.0942
0.0948
0.0954
0.096
0.0966
0.0972
0.0978
0.0984
0.099
0.0996
0.1002
0.1008
0.1014
0.102
0.1026
0.1032
0.1038
0.1044
0.105
0.1056
0.1062
0.1068
0.1074
0.108
0.1086
0.1092
0.1098
0.1104
0.111
0.1116
0.1122
0.1128
0.1134
0.114
0.1146
0.1152
0.1158
0.1164
0.117
0.1176
0.1182
0.1188
0.1194
0.12
0.1206
0.1212
0.1218
0.1224
0.123
0.1186
0.1142
0.1098
0.1054
0.101
0.0966
0.0922
0.0878
0.0834
0.084
0.0846
0.0852
0.0858
0.0864
0.087
0.0876
0.0882
0.0888
0.0894
0.09
0.0906
0.0912
0.0918
0.0924
0.093
0.0936
0.0942
0.0948
0.0954
0.096
0.0966
0.0972
0.0978
0.0984
0.099
0.0996
0.1002
0.1008
0.1014
0.102
0.1026
0.1032
0.1038
0.1044
0.105
0.1056
0.1062
0.1068
0.1074
0.108
0.1086
0.1092
0.1098
0.1104
0.111
0.1116
0.1122
0.1128
0.1134
0.114
0.1146
0.1152
0.1158
0.1164
0.117
0.1176
0.1182
0.1188
0.1194
0.12
0.1206
0.1212
0.1218
0.1224
0.123
0.1236
0.1242
0.1248
0.1254
0.126
0.1266
0.1272
0.1278
0.1284
0.124
0.1196
0.1152
0.1108
0.1064
0.102
0.0976
0.0932
0.0888
0.0894
0.09
0.0906
0.0912
0.0918
0.0924
0.093
0.0936
0.0942
0.0948
0.0954
0.096
0.0966
0.0972
0.0978
0.0984
0.099
0.0996
0.1002
0.1008
0.1014
0.102
0.1026
0.1032
0.1038
0.1044
0.105
0.1056
0.1062
0.1068
0.1074
0.108
0.1086
0.1092
0.1098
0.1104
0.111
0.1116
0.1122
0.1128
0.1134
0.114
0.1146
0.1152
0.1158
0.1164
0.117
0.1176
0.1182
0.1188
0.1194
0.12
0.1206
0.1212
0.1218
0.1224
0.123
0.1236
0.1242
0.1248
0.1254
0.126
0.1266
0.1272
0.1278
0.1284
0.129
0.1296
0.1302
0.1308
0.1314
0.132
0.1326
0.1332
0.1338
0.1344
0.135
0.1356
0.1362
0.1368
0.1374
0.138
0.1336
0.1292
0.1248
0.1204
0.116
0.1116
0.1072
0.1028
0.0984
0.099
0.0996
0.1002
0.1008
0.1014
0.102
0.1026
0.1032
0.1038
0.1044
0.105
0.1056
0.1062
0.1068
0.1074
0.108
0.1086
0.1092
0.1098
0.1104
0.111
0.1116
0.1122
0.1128
0.1134
0.114
0.1146
0.1152
0.1158
0.1164
0.117
0.1176
0.1182
0.1188
0.1194
0.12
0.1206
0.1212
0.1218
0.1224
0.123
0.1236
0.1242
0.1248
0.1254
0.126
0.1266
0.1272
0.1278
0.1284
0.129
0.1296
0.1302
0.1308
0.1314
0.132
0.1326
0.1332
0.1338
0.1344
0.135
0.1356
0.1362
0.1368
0.1374
0.138
0.1386
0.1392
0.1398
0.1404
0.141
0.1416
0.1422
0.1428
0.1434
0.144
0.1446
0.1452
0.1458
0.1464
0.147
0.1476
0.1482
0.1488
0.1494
0.15
0.1506
0.1512
0.1518
0.1524
0.153
0.1536
0.1542
0.1548
0.1554
0.156
0.1566
0.1572
0.1578
0.1584
0.159
0.1596
0.1602
0.1608
0.1614
0.162
0.1626
0.1632
0.1638
0.1644
0.165
0.1656
0.1662
0.1668
0.1674
0.168
0.1686
0.1692
0.1698
0.1704
0.171
0.1716
0.1722
0.1728
0.1734
0.174
0.1746
0.1752
0.1758
0.1764
0.177
0.1776
0.1782
0.1788
0.1794
0.18
0.1806
0.1812
0.1818
0.1824
0.183
0.1836
0.1842
0.1848
0.1854
0.186
0.1866
0.1872
0.1878
0.1884
0.189
0.1896
0.1902
0.1908
0.1914
0.192
0.1926
0.1932
0.1938
0.1944
0.195
0.1956
0.1962
0.1968
0.1974
0.198
0.1986
0.1992
0.1998
0.2004
0.201
0.2016
0.2022
0.2028
0.2034
0.204
0.2046
0.2052
0.2058
0.2064
0.207
0.2076
0.2082
0.2088
0.2094
0.21
0.2106
0.2112
0.2118
0.2124
0.213
0.2136
0.2142
0.2148
0.2154
0.216
0.2166
0.2122
0.2078
0.2034
0.199
0.1946
0.1902
0.1858
0.1814
0.177
0.1776
0.1782
0.1788
0.1794
0.18
0.1806
0.1812
0.1818
0.1824
0.183
0.1836
0.1842
0.1848
0.1854
0.186
0.1866
0.1872
0.1878
0.1884
0.189
0.1896
0.1902
0.1908
0.1914
0.192
0.1926
0.1932
0.1938
0.1944
0.195
0.1956
0.1962
0.1968
0.1974
0.198
0.1986
0.1992
0.1998
0.2004
0.201
0.2016
0.2022
0.2028
0.2034
0.204
0.2046
0.2052
0.2058
0.2064
0.207
0.2076
0.2082
0.2088
0.2094
0.21
0.2106
0.2112
0.2118
0.2124
0.213
0.2136
0.2142
0.2148
0.2154
0.216
0.2166
0.2172
0.2178
0.2184
0.219
0.2196
0.2202
0.2208
0.2214
0.222
0.2226
0.2232
0.2238
0.2244
0.225
0.2256
0.2262
0.2268
0.2274
0.228
0.2286
0.2292
0.2298
0.2304
0.231
0.2316
0.2322
0.2328
0.2334
0.234
0.2346
0.2352
0.2358
0.2364
0.237
0.2376
0.2382
0.2388
0.2394
0.24
0.2406
0.2412
0.2418
0.2424
0.243
0.2436
0.2442
0.2448
0.2454
0.246
0.2466
0.2472
0.2478
0.2484
0.249
0.2496
0.2502
0.2508
0.2514
0.252
0.2526
0.2532
0.2538
0.2544
0.255
0.2556
0.2562
0.2568
0.2574
0.258
0.2586
0.2592
0.2598
0.2604
0.261
0.2616
0.2622
0.2628
0.2634
0.264
0.2646
0.2652
0.2658
0.2664
0.267
0.2676
0.2682
0.2688
0.2694
0.27
0.2706
0.2712
0.2718
0.2724
0.273
0.2736
0.2742
0.2748
0.2754
0.276
0.2766
0.2772
0.2778
0.2784
0.279
0.2796
0.2802
0.2808
0.2814
0.282
0.2826
0.2832
0.2838
0.2844
0.285
0.2856
0.2862
0.2868
0.2874
0.288
0.2886
0.2892
0.2898
0.2904
0.291
0.2916
0.2922
0.2928
0.2934
0.294
0.2946
0.2952
0.2958
0.2964
0.297
0.2976
0.2982
0.2988
0.2994
0.3
0.3006
0.3012
0.3018
0.3024
0.303
0.3036
0.3042
0.3048
0.3054
0.306
0.3066
0.3072
0.3078
0.3084
0.309
0.3096
0.3102
0.3108
0.3114
0.312
0.3126
0.3132
0.3138
0.3144
0.315
0.3156
0.3162
0.3168
0.3174
0.318
0.3186
0.3192
0.3198
0.3204
0.316
0.3116
0.3072
0.3028
0.2984
0.294
0.2896
0.2852
0.2808
0.2814
0.282
0.2826
0.2832
0.2838
0.2844
0.285
0.2856
0.2862
0.2868
0.2874
0.288
0.2886
0.2892
0.2898
0.2904
0.291
0.2916
0.2922
0.2928
0.2934
0.294
0.2946
0.2952
0.2958
0.2964
0.297
0.2976
0.2982
0.2988
0.2994
0.3
0.3006
0.3012
0.3018
0.3024
0.303
0.3036
0.3042
0.3048
0.3054
0.306
0.3066
0.3072
0.3078
0.3084
0.309
0.3096
0.3102
0.3108
0.3114
0.312
0.3126
0.3132
0.3138
0.3144
0.315
0.3156
0.3162
0.3168
0.3174
0.318
0.3186
0.3192
0.3198
0.3204
0.321
0.3216
0.3222
0.3228
0.3234
0.324
0.3246
0.3252
0.3258
0.3264
0.327
0.3276
0.3282
0.3288
0.3288
0.3288
0.3288
0.3288
0.3288
0.3288
0.3288
0.3288
0.3288
0.3288
0.3288
0.3288
0.3288
0.3288
0.3288
0.3288
0.3288
0.3288
0.3288
0.3288
0.3288
0.3288
0.3288
0.3288
0.3288
0.3288
0.3288
0.3288
0.3288
0.3288
0.3288
0.3288
0.3288
0.3288
0.3288
0.3288
0.3288
0.3288
0.3288
0.3288
0.3288
0.3288
0.3288
0.3288
0.3288
0.3288
0.3288
0.3288
0.3288
0.3288
0.3288
0.3288
0.3288
0.3288
0.3288
0.3288
0.3288
0.3288
0.3288
0.3288
0.3288
0.3288
0.3288
0.3288
0.3288
0.3288
0.3288
0.3288
0.3288
0.3288
0.3288
0.3288
0.3288
0.3288
0.3288
0.3288
0.3288
0.3288
0.3288
0.3288
0.3288
0.3288
0.3288
0.3288
0.3288
0.3288
0.3288
0.3288
0.3288
0.3288
0.3288
0.3288
0.3288
0.3288
0.3288
0.3288
0.3288
0.3288
0.3288
0.3288
0.3288
0.3288
0.3288
0.3288
0.3288
0.3288
0.3288
0.3288
0.3288
0.3288
0.3288
0.3288
0.3288
0.3288
0.3288
0.3288
0.3288
0.3288
0.3288
0.3288
0.3288
0.3288
0.3288
0.3288
0.3288
0.3288
0.3288
0.3288
0.3288
0.3288
0.3288
0.3288
0.3288
0.3288
0.3288
0.3288
0.3288
0.3288
0.3288
0.3288
0.3288
0.3288
0.3288
0.3288
0.3288
0.3288
0.3288
0.3288
0.3288
0.3288
0.3288
0.3288
0.3288
0.3288
0.3288
0.3288
0.3288
0.3288
0.3288
0.3288
0.3288
0.3288
0.3288
0.3288
0.3288
0.3288
0.3288
0.3288
0.3288
0.3288
0.3288
0.3288
0.3288
0.3288
0.3288
0.3288
0.3288
0.3288
0.3288
0.3288
0.3288
0.3288
0.3288
0.3288
0.3288
0.3288
0.3288
0.3288
0.3288
0.3288
0.3288
0.3288
0.3288
0.3288
0.3288
0.3288
0.3288
0.3288
0.3288
0.3288
0.3288
0.3288
0.3288
0.3288
0.3288
0.3288
0.3288
0.3288
0.3288
0.3288
0.3288
0.3288
0.3288
0.3288
0.3288
0.3288
0.3288
0.3288
0.3288
0.3288
0.3288
0.3288
0.3288
0.3288
0.3288
0.3288
0.3288
0.3288
0.3288
0.3288
0.3288
0.3288
0.3288
0.3288
0.3288
0.3288
0.3288
0.3288
0.3288
0.3288
0.3288
0.3288
0.3288
0.3288
0.3288
0.3288
0.3288
0.3288
0.3288
0.3288
0.3288
0.3288
0.3288
0.3288
0.3288
0.3288
0.3288
0.3288
0.3288
0.3288
0.3288
0.3288
0.3288
0.3288
0.3288
0.3288
0.3288
0.3288
0.3288
0.3288
0.3288
0.3288
0.3288
0.3288
0.3288
0.3288
0.3288
0.3288
0.3288
0.3288
0.3288
0.3288
0.3288
0.3288
0.3288
0.3288
0.3288
0.3288
0.3288
0.3288
0.3288
0.3288
0.3288
0.3288
0.3288
0.3288
0.3288
0.3288
0.3288
0.3288
0.3288
0.3288
0.3288
0.3288
0.3288
0.3288
0.3288
0.3288
0.3288
0.3288
0.3288
0.3288
0.3288
0.3288
0.3288
0.3288
0.3288
0.3288
0.3288
0.3288
0.3288
0.3288
0.3288
0.3288
0.3288
0.3288
0.3288
0.3288
0.3288
0.3288
0.3288
0.3288
0.3288
0.3288
0.3288
0.3288
0.3288
0.3288
0.3288
0.3288
0.3288
0.3288
0.3288
0.3288
0.3288
0.3288
0.3288
0.3288
0.3288
0.3288
0.3288
0.3288
0.3288
0.3288
0.3288
0.3288
0.3288
0.3288
0.3288
0.3288
0.3288
0.3288
0.3288
0.3288
0.3288
0.3288
0.3288
0.3288
0.3288
0.3288
0.3288
0.3288
0.3288
0.3288
0.3288
0.3288
0.3288
0.3288
0.3288
0.3288
0.3288
0.3288
0.3288
0.3288
0.3288
0.3288
0.3288
0.3288
0.3288
0.3288
0.3288
0.3288
0.3288
0.3288
0.3288
0.3288
0.3288
0.3288
0.3288
0.3288
0.3288
0.3288
0.3288
0.3288
0.3288
0.3288
0.3288
0.3288
0.3288
0.3288
0.3288
0.3288
0.3288
0.3288
0.3288
0.3288
0.3288
0.3288
0.3288
0.3288
0.3288
0.3288
0.3288
0.3288
0.3288
0.3288
0.3288
0.3288
0.3288
0.3288
0.3288
0.3288
0.3288
0.3288
0.3288
0.3288
0.3288
0.3288
0.3288
0.3288
0.3288
0.3288
0.3288
0.3288
0.3288
0.3288
0.3288
0.3288
0.3288
0.3288
0.3288
0.3288
0.3288
0.3288
0.3288
0.3288
0.3288
0.3288
0.3288
0.3288
0.3288
0.3288
0.3288
0.3288
0.3288
0.3288
0.3288
0.3288
0.3288
0.3288
0.3288
0.3288
0.3288
0.3288
0.3288
0.3288
0.3288
0.3288
0.3288
0.3288
0.3288
0.3288
0.3288
0.3288
0.3288
0.3288
0.3288
0.3288
0.3288
0.3288
0.3288
0.3288
0.3288
0.3288
0.3288
0.3288
0.2294
0.13
0.0306
0.0
0.0
0.0
0.0
0.0
0.0
0.0
0.0
0.0
0.0
0.0
0.0
0.0
0.0
0.0
0.0
0.0
0.0
6.0E-4
0.0012
0.0018
0.0024
0.003
0.0036
0.0042
0.0048
0.0054
0.006
0.0066
0.0072
0.0078
0.0084
0.009
0.0096
0.0102
0.0108
0.0114
0.012
0.0126
0.0132
0.0138
0.0144
0.015
0.0156
0.0162
0.0168
0.0174
0.018
0.0186
0.0142
0.0098
0.0054
0.001
0.0
0.0
0.0
0.0
0.0
6.0E-4
0.0012
0.0018
0.0024
0.003
0.0036
0.0042
0.0048
0.0054
0.006
0.0066
0.0072
0.0078
0.0084
0.009
0.0096
0.0102
0.0108
0.0114
0.012
0.0126
0.0132
0.0138
0.0144
0.015
0.0156
0.0162
0.0168
0.0174
0.018
0.0186
0.0192
0.0198
0.0204
0.021
0.0216
0.0222
0.0228
0.0234
0.024
0.0246
0.0252
0.0258
0.0264
0.027
0.0276
0.0282
0.0288
0.0294
0.03
0.0306
0.0312
0.0318
0.0324
0.033
0.0336
0.0342
0.0348
0.0354
0.036
0.0366
0.0372
0.0378
0.0384
0.039
0.0396
0.0402
0.0408
0.0414
0.042
0.0426
0.0432
0.0438
0.0444
0.045
0.0456
0.0462
0.0468
0.0474
0.048
0.0486
0.0492
0.0498
0.0504
0.051
0.0516
0.0522
0.0528
0.0534
0.054
0.0546
0.0552
0.0558
0.0564
0.057
0.0576
0.0582
0.0588
0.0594
0.06
0.0606
0.0612
0.0618
0.0624
0.063
0.0636
0.0642
0.0648
0.0654
0.066
0.0666
0.0672
0.0678
0.0684
0.069
0.0696
0.0702
0.0708
0.0714
0.072
0.0726
0.0732
0.0738
0.0744
0.075
0.0756
0.0762
0.0768
0.0774
0.078
0.0786
0.0792
0.0798
0.0804
0.081
0.0816
0.0822
0.0828
0.0834
0.084
0.0846
0.0852
0.0858
0.0864
0.087
0.0876
0.0882
0.0888
0.0894
0.09
0.0906
0.0912
0.0918
0.0924
0.093
0.0936
0.0942
0.0948
0.0954
0.096
0.0966
0.0972
0.0978
0.0984
0.099
0.0996
0.1002
0.1008
0.1014
0.102
0.1026
0.1032
0.1038
0.1044
0.105
0.1056
0.1062
0.1068
0.1074
0.108
0.1086
0.1092
0.1098
0.1104
0.111
0.1116
0.1122
0.1128
0.1134
0.114
0.1146
0.1152
0.1158
0.1164
0.117
0.1176
0.1182
0.1188
0.1194
0.12
0.1206
0.1212
0.1218
0.1224
0.123
0.1236
0.1242
0.1248
0.1254
0.126
0.1266
0.1272
0.1278
0.1284
0.129
0.1296
0.1302
0.1308
0.1314
0.132
0.1326
0.1332
0.1338
0.1344
0.135
0.1356
0.1362
0.1368
0.1374
0.138
0.1386
0.1392
0.1398
0.1404
0.141
0.1416
0.1422
0.1428
0.1434
0.144
0.1446
0.1452
0.1458
0.1464
0.147
0.1476
0.1482
0.1488
0.1494
0.15
0.1506
0.1512
0.1518
0.1524
0.153
0.1536
0.1542
0.1548
0.1554
0.156
0.1566
0.1572
0.1578
0.1584
0.159
0.1596
0.1602
0.1608
0.1614
0.162
0.1626
0.1632
0.1638
0.1644
0.165
0.1656
0.1662
0.1668
0.1674
0.168
0.1686
0.1692
0.1698
0.1704
0.171
0.1716
0.1722
0.1728
0.1734
0.174
0.1746
0.1752
0.1758
0.1764
0.177
0.1776
0.1782
0.1788
0.1794
0.18
0.1806
0.1812
0.1818
0.1824
0.183
0.1836
0.1842
0.1848
0.1854
0.186
0.1866
0.1872
0.1878
0.1884
0.189
0.1896
0.1902
0.1908
0.1914
0.192
0.1926
0.1932
0.1938
0.1944
0.195
0.1956
0.1962
0.1968
0.1974
0.198
0.1986
0.1992
0.1998
0.2004
0.201
0.2016
0.2022
0.2028
0.2034
0.204
0.2046
0.2052
0.2058
0.2064
0.207
0.2076
0.2082
0.2088
0.2094
0.21
0.2106
0.2112
0.2118
0.2124
0.213
0.2136
0.2142
0.2148
0.2154
0.216
0.2166
0.2172
0.2178
0.2184
0.219
0.2196
0.2202
0.2208
0.2214
0.222
0.2226
0.2232
0.2238
0.2244
0.225
0.2256
0.2262
0.2268
0.2274
0.228
0.2286
0.2292
0.2298
0.2304
0.231
0.2316
0.2322
0.2328
0.2334
0.234
0.2346
0.2352
0.2358
0.2364
0.237
0.2376
0.2382
0.2388
0.2394
0.24
0.2406
0.2412
0.2418
0.2424
0.243
0.2436
0.2442
0.2448
0.2454
0.246
0.2466
0.2472
0.2478
0.2484
0.249
0.2496
0.2502
0.2508
0.2514
0.252
0.2526
0.2532
0.2538
0.2544
0.255
0.2556
0.2562
0.2568
0.2574
0.258
0.2586
0.2592
0.2598
0.2604
0.261
0.2616
0.2622
0.2628
0.2634
0.264
0.2646
0.2652
0.2658
0.2664
0.267
0.2676
0.2682
0.2688
0.2694
0.27
0.2706
0.2712
0.2718
0.2724
0.273
0.2736
0.2742
0.2748
0.2754
0.276
0.2766
0.2772
0.2778
0.2784
0.279
0.2796
0.2802
0.2808
0.2814
0.282
0.2826
0.2832
0.2838
0.2844
0.285
0.2856
0.2862
0.2868
0.2874
0.288
0.2886
0.2892
0.2898
0.2904
0.291
0.2916
0.2922
0.2928
0.2934
0.294
0.2946
0.2952
0.2958
0.2964
0.297
0.2976
0.2982
0.2988
0.2994
0.3
0.3006
0.3012
0.3018
0.3024
0.303
0.3036
0.3042
0.3048
0.3054
0.306
0.3066
0.3072
0.3078
0.3084
0.309
0.3096
0.3102
0.3108
0.3114
0.312
0.3126
0.3132
0.3138
0.3144
0.315
0.3156
0.3162
0.3168
0.3174
0.318
0.3186
0.3192
0.3198
0.3204
0.321
0.3216
0.3222
0.3228
0.3234
0.324
0.3246
0.3252
0.3258
0.3264
0.327
0.3276
0.3282
0.3288
0.3294
0.33
0.3306
0.3312
0.3318
0.3324
0.333
0.3336
0.3342
0.3348
0.3354
0.331
0.3266
0.3222
0.3178
0.3134
0.309
0.3046
0.3002
0.2958
0.2964
0.297
0.2976
0.2982
0.2988
0.2994
0.3
0.3006
0.3012
0.3018
0.3024
0.303
0.3036
0.3042
0.3048
0.3054
0.306
0.3066
0.3072
0.3078
0.3084
0.309
0.3096
0.3102
0.3108
0.3114
0.312
0.3126
0.3132
0.3138
0.3144
0.315
0.3156
0.3162
0.3168
0.3174
0.318
0.3186
0.3192
0.3198
0.3204
0.321
0.3216
0.3222
0.3228
0.3234
0.324
0.3246
0.3252
0.3258
0.3264
0.327
0.3276
0.3282
0.3288
0.3294
0.33
0.3306
0.3312
0.3318
0.3324
0.333
0.3336
0.3342
0.3348
0.3354
0.336
0.3366
0.3372
0.3378
0.3384
0.339
0.3396
0.3402
0.3408
0.3414
0.342
0.3426
0.3432
0.3438
0.3444
0.345
0.3456
0.3462
0.3468
0.3474
0.348
0.3486
0.3492
0.3498
0.3504
0.351
0.3516
0.3522
0.3528
0.3534
0.354
0.3546
0.3552
0.3558
0.3564
0.357
0.3576
0.3582
0.3588
0.3594
0.36
0.3606
0.3612
0.3618
0.3624
0.363
0.3636
0.3642
0.3648
0.3654
0.366
0.3666
0.3672
0.3678
0.3684
0.369
0.3696
0.3702
0.3708
0.3714
0.372
0.3726
0.3732
0.3738
0.3744
0.375
0.3756
0.3762
0.3768
0.3774
0.378
0.3786
0.3792
0.3798
0.3804
0.381
0.3816
0.3822
0.3828
0.3834
0.384
0.3846
0.3852
0.3858
0.3864
0.387
0.3876
0.3882
0.3888
0.3894
0.39
0.3906
0.3912
0.3918
0.3924
0.393
0.3936
0.3942
0.3948
0.3954
0.396
0.3966
0.3972
0.3978
0.3984
0.399
0.3996
0.4002
0.4008
0.4014
0.402
0.4026
0.4032
0.4038
0.4044
0.405
0.4056
0.4062
0.4068
0.4074
0.408
0.4086
0.4092
0.4098
0.4104
0.411
0.4116
0.4122
0.4128
0.4134
0.414
0.4146
0.4152
0.4158
0.4164
0.417
0.4176
0.4182
0.4188
0.4194
0.42
0.4206
0.4212
0.4218
0.4174
0.413
0.4086
0.4042
0.3998
0.3954
0.391
0.3866
0.3822
0.3828
0.3834
0.384
0.3846
0.3852
0.3858
0.3864
0.387
0.3876
0.3882
0.3888
0.3894
0.39
0.3906
0.3912
0.3918
0.3924
0.393
0.3936
0.3942
0.3948
0.3954
0.396
0.3966
0.3972
0.3978
0.3984
0.399
0.3996
0.4002
0.4008
0.4014
0.402
0.4026
0.4032
0.4038
0.4044
0.405
0.4056
0.4062
0.4068
0.4074
0.408
0.4086
0.4092
0.4098
0.4104
0.411
0.4116
0.4122
0.4128
0.4134
0.414
0.4146
0.4152
0.4158
0.4164
0.417
0.4176
0.4182
0.4188
0.4194
0.42
0.4206
0.4212
0.4218
0.4224
0.423
0.4236
0.4242
0.4248
0.4254
0.426
0.4266
0.4272
0.4278
0.4284
0.429
0.4296
0.4302
0.4308
0.4314
0.332
0.2326
0.1332
0.0338
0.0
0.0
0.0
0.0
0.0
0.0
0.0
0.0
0.0
0.0
0.0
0.0
0.0
0.0
0.0
0.0
0.0
0.0
0.0
0.0
0.0
0.0
0.0
0.0
0.0
0.0
0.0
0.0
0.0
0.0
0.0
0.0
0.0
0.0
0.0
0.0
0.0
0.0
0.0
0.0
0.0
0.0
0.0
0.0
0.0
0.0
0.0
0.0
0.0
0.0
0.0
0.0
0.0
0.0
0.0
0.0
0.0
0.0
0.0
0.0
0.0
0.0
0.0
0.0
0.0
0.0
0.0
0.0
0.0
0.0
0.0
0.0
0.0
0.0
0.0
0.0
0.0
0.0
0.0
0.0
0.0
0.0
0.0
0.0
0.0
0.0
0.0
0.0
0.0
0.0
0.0
0.0
0.0
0.0
0.0
0.0
0.0
0.0
0.0
0.0
0.0
0.0
0.0
0.0
0.0
0.0
0.0
0.0
0.0
0.0
0.0
0.0
0.0
0.0
0.0
0.0
0.0
0.0
0.0
0.0
0.0
0.0
0.0
0.0
0.0
0.0
0.0
0.0
0.0
0.0
0.0
0.0
0.0
0.0
0.0
0.0
0.0
0.0
0.0
0.0
0.0
0.0
0.0
0.0
0.0
0.0
0.0
0.0
0.0
0.0
0.0
0.0
0.0
0.0
0.0
0.0
0.0
0.0
0.0
0.0
0.0
0.0
0.0
0.0
0.0
0.0
0.0
0.0
0.0
0.0
0.0
0.0
0.0
0.0
0.0
0.0
0.0
0.0
0.0
0.0
0.0
0.0
0.0
0.0
0.0
0.0
0.0
0.0
0.0
0.0
0.0
0.0
0.0
0.0
0.0
0.0
0.0
0.0
0.0
0.0
0.0
0.0
0.0
0.0
0.0
0.0
0.0
0.0
0.0
0.0
0.0
0.0
0.0
0.0
0.0
0.0
0.0
0.0
0.0
0.0
0.0
0.0
0.0
0.0
0.0
0.0
0.0
0.0
0.0
0.0
0.0
0.0
0.0
0.0
0.0
0.0
0.0
0.0
0.0
0.0
0.0
0.0
0.0
0.0
0.0
0.0
0.0
0.0
0.0
0.0
0.0
0.0
0.0
0.0
0.0
0.0
0.0
0.0
0.0
0.0
0.0
0.0
0.0
0.0
0.0
0.0
0.0
0.0
0.0
0.0
0.0
0.0
0.0
0.0
0.0
0.0
0.0
0.0
0.0
0.0
0.0
0.0
0.0
0.0
0.0
0.0
0.0
0.0
0.0
0.0
0.0
0.0
0.0
0.0
0.0
0.0
0.0
0.0
0.0
0.0
0.0
0.0
0.0
0.0
0.0
0.0
0.0
0.0
0.0
0.0
0.0
0.0
0.0
0.0
0.0
0.0
0.0
0.0
0.0
0.0
0.0
0.0
0.0
0.0
0.0
0.0
0.0
0.0
0.0
0.0
0.0
0.0
0.0
0.0
0.0
0.0
0.0
0.0
0.0
0.0
0.0
0.0
0.0
0.0
0.0
0.0
0.0
0.0
0.0
0.0
0.0
0.0
0.0
0.0
0.0
0.0
0.0
0.0
0.0
0.0
0.0
0.0
0.0
0.0
0.0
0.0
0.0
0.0
0.0
0.0
0.0
0.0
0.0
0.0
0.0
0.0
0.0
0.0
0.0
0.0
0.0
0.0
0.0
0.0
0.0
0.0
0.0
0.0
0.0
0.0
0.0
0.0
0.0
0.0
0.0
0.0
0.0
0.0
0.0
0.0
0.0
0.0
0.0
0.0
0.0
0.0
0.0
0.0
0.0
0.0
0.0
0.0
0.0
0.0
0.0
0.0
0.0
0.0
0.0
0.0
0.0
0.0
0.0
0.0
0.0
0.0
0.0
0.0
0.0
0.0
0.0
0.0
0.0
0.0
0.0
0.0
0.0
0.0
0.0
0.0
0.0
0.0
0.0
0.0
0.0
0.0
0.0
0.0
0.0
0.0
0.0
0.0
0.0
0.0
0.0
0.0
0.0
0.0
0.0
0.0
0.0
0.0
0.0
0.0
0.0
0.0
6.0E-4
0.0012
0.0018
0.0024
0.003
0.0036
0.0042
0.0048
0.0054
0.006
0.0066
0.0072
0.0078
0.0084
0.009
0.0096
0.0102
0.0108
0.0114
0.012
0.0126
0.0132
0.0138
0.0144
0.015
0.0156
0.0162
0.0168
0.0174
0.018
0.0186
0.0192
0.0198
0.0204
0.021
0.0216
0.0222
0.0228
0.0234
0.024
0.0246
0.0252
0.0258
0.0264
0.027
0.0276
0.0282
0.0288
0.0294
0.03
0.0306
0.0312
0.0318
0.0324
0.033
0.0336
0.0342
0.0348
0.0354
0.036
0.0366
0.0372
0.0378
0.0384
0.039
0.0396
0.0402
0.0408
0.0414
0.042
0.0426
0.0432
0.0438
0.0444
0.045
0.0456
0.0462
0.0468
0.0474
0.048
0.0486
0.0492
0.0498
0.0504
0.051
0.0516
0.0522
0.0528
0.0534
0.054
0.0546
0.0552
0.0558
0.0564
0.057
0.0576
0.0582
0.0588
0.0594
0.06
0.0606
0.0612
0.0618
0.0624
0.063
0.0636
0.0642
0.0648
0.0654
0.066
0.0666
0.0672
0.0678
0.0684
0.069
0.0696
0.0702
0.0708
0.0714
0.072
0.0726
0.0732
0.0738
0.0744
0.075
0.0756
0.0762
0.0768
0.0774
0.078
0.0786
0.0792
0.0798
0.0804
0.081
0.0816
0.0822
0.0828
0.0834
0.084
0.0846
0.0852
0.0858
0.0864
0.087
0.0876
0.0882
0.0888
0.0894
0.09
0.0906
0.0912
0.0918
0.0924
0.093
0.0936
0.0942
0.0948
0.0954
0.096
0.0966
0.0972
0.0978
0.0984
0.099
0.0996
0.1002
0.1008
0.1014
0.102
0.1026
0.1032
0.1038
0.1044
0.105
0.1056
0.1062
0.1068
0.1074
0.108
0.1086
0.1092
0.1098
0.1104
0.111
0.1116
0.1122
0.1128
0.1134
0.114
0.1146
0.1152
0.1158
0.1164
0.117
0.1176
0.1182
0.1188
0.1194
0.12
0.1206
0.1212
0.1218
0.1224
0.123
0.1236
0.1242
0.1248
0.1254
0.126
0.1266
0.1272
0.1278
0.1284
0.129
0.1296
0.1302
0.1308
0.1314
0.132
0.1326
0.1332
0.1338
0.1344
0.135
0.1356
0.1362
0.1368
0.1374
0.138
0.1386
0.1392
0.1398
0.1404
0.141
0.1416
0.1422
0.1428
0.1434
0.144
0.1446
0.1452
0.1458
0.1464
0.147
0.1476
0.1482
0.1488
0.1494
0.15
0.1506
0.1512
0.1518
0.1524
0.153
0.1536
0.1542
0.1548
0.1554
0.156
0.1566
0.1572
0.1578
0.1584
0.159
0.1596
0.1602
0.1608
0.1614
0.162
0.1626
0.1632
0.1638
0.1644
0.165
0.1656
0.1662
0.1668
0.1674
0.168
0.1686
0.1692
0.1698
0.1704
0.171
0.1716
0.1722
0.1728
0.1734
0.174
0.1746
0.1752
0.1758
0.1764
0.177
0.1776
0.1782
0.1788
0.1794
0.18
0.1806
0.1812
0.1818
0.1824
0.183
0.1836
0.1842
0.1848
0.1854
0.186
0.1866
0.1872
0.1878
0.1884
0.189
0.1896
0.1902
0.1908
0.1914
0.192
0.1926
0.1932
0.1938
0.1944
0.195
0.1956
0.1962
0.1968
0.1974
0.198
0.1986
0.1992
0.1998
0.2004
0.201
0.2016
0.2022
0.2028
0.2034
0.204
0.2046
0.2052
0.2058
0.2064
0.207
0.2076
0.2082
0.2088
0.2094
0.21
0.2106
0.2112
0.2118
0.2124
0.213
0.2136
0.2142
0.2148
0.2154
0.216
0.2166
0.2172
0.2178
0.2184
0.219
0.2196
0.2202
0.2208
0.2214
0.222
0.2226
0.2232
0.2238
0.2244
0.225
0.2256
0.2262
0.2268
0.2274
0.228
0.2286
0.2292
0.2298
0.2304
0.231
0.2316
0.2322
0.2328
0.2334
0.234
0.2346
0.2352
0.2358
0.2364
0.237
0.2376
0.2382
0.2388
0.2394
0.24
0.2406
0.2412
0.2418
0.2424
0.243
0.2436
0.2442
0.2448
0.2454
0.246
0.2466
0.2472
0.2478
0.2484
0.249
0.2496
0.2502
0.2508
0.2514
0.252
0.2526
0.2532
0.2538
0.2544
0.255
0.2556
0.2562
0.2568
0.2574
0.258
0.2586
0.2592
0.2598
0.2604
0.261
0.2616
0.2622
0.2628
0.2634
0.264
0.2646
0.2652
0.2658
0.2664
0.267
0.2676
0.2682
0.2688
0.2694
0.27
0.2706
0.2712
0.2718
0.2724
0.273
0.2736
0.2742
0.2748
0.2754
0.276
0.2766
0.2772
0.2778
0.2784
0.279
0.2796
0.2802
0.2808
0.2814
0.282
0.2826
0.2832
0.2838
0.2844
0.285
0.2856
0.2862
0.2868
0.2874
0.288
0.2886
0.2892
0.2898
0.2904
0.291
0.2916
0.2922
0.2928
0.2934
0.294
0.2946
0.2952
0.2958
0.2964
0.297
0.2976
0.2982
0.2988
0.2994
0.3
0.3006
0.3012
0.3018
0.3024
0.303
0.3036
0.3042
0.3048
0.3054
0.306
0.3066
0.3072
0.3078
0.3084
0.309
0.3096
0.3102
0.3108
0.3114
0.312
0.3126
0.3132
0.3138
0.3144
0.315
0.3156
0.3162
0.3168
0.3174
0.318
0.3186
0.3192
0.3198
0.3204
0.321
0.3216
0.3222
0.3228
0.3234
0.324
0.3246
0.3252
0.3258
0.3264
0.327
0.3276
0.3282
0.3288
0.3294
0.33
0.3306
0.3312
0.3318
0.3324
0.333
0.3336
0.3342
0.3348
0.3354
0.336
0.3366
0.3372
0.3378
0.3384
0.339
0.3396
0.3402
0.3408
0.3414
0.342
0.3426
0.3432
0.3438
0.3444
0.345
0.3456
0.3462
0.3468
0.3474
0.348
0.3486
0.3492
0.3498
0.3504
0.351
0.3516
0.3522
0.3528
0.3534
0.354
0.3546
0.3552
0.3558
0.3564
0.357
0.3576
0.3582
0.3588
0.3594
0.36
0.3606
0.3612
0.3618
0.3624
0.363
0.3636
0.3642
0.3648
0.3654
0.366
0.3666
0.3672
0.3678
0.3684
0.369
0.3696
0.3702
0.3708
0.3714
0.372
0.3726
0.3732
0.3738
0.3744
0.375
0.3756
0.3762
0.3768
0.3774
0.378
0.3786
0.3792
0.3798
0.3804
0.381
0.3816
0.3822
0.3828
0.3834
0.384
0.3846
0.3852
0.3858
0.3864
0.387
0.3876
0.3882
0.3888
0.3894
0.39
0.3906
0.3912
0.3918
0.3924
0.393
0.3936
0.3942
0.3948
0.3954
0.396
0.3966
0.3972
0.3978
0.3984
0.399
0.3996
0.4002
0.4008
0.4014
0.402
0.4026
0.4032
0.4038
0.4044
0.405
0.4056
0.4062
0.4068
0.4074
0.408
0.4086
0.4092
0.4098
0.4104
0.411
0.4116
0.4122
0.4128
0.4134
0.414
0.4146
0.4152
0.4158
0.4164
0.417
0.4176
0.4182
0.4188
0.4194
0.42
0.4206
0.4212
0.4218
0.4224
0.423
0.4236
0.4242
0.4248
0.4254
0.426
0.4266
0.4272
0.4278
0.4284
0.429
0.4296
0.4302
0.4308
0.4314
0.432
0.4326
0.4332
0.4338
0.4344
0.435
0.4356
0.4362
0.4368
0.4374
0.438
0.4386
0.4392
0.4398
0.4404
0.441
0.4416
0.4422
0.4428
0.4434
0.444
0.4446
0.4452
0.4458
0.4464
0.447
0.4476
0.4482
0.4488
0.4494
0.45
0.4506
0.4512
0.4518
0.4524
0.453
0.4536
0.4542
0.4548
0.4554
0.456
0.4566
0.4572
0.4578
0.4584
0.459
0.4596
0.4602
0.4608
0.4614
0.462
0.4626
0.4632
0.4638
0.4644
0.465
0.4656
0.4662
0.4668
0.4674
0.468
0.4686
0.4692
0.4698
0.4704
0.471
0.4716
0.4722
0.4728
0.4734
0.474
0.4746
0.4752
0.4758
0.4764
0.477
0.4776
0.4782
0.4788
0.4794
0.48
0.4806
0.4812
0.4818
0.4824
0.483
0.4836
0.4842
0.4848
0.4854
0.486
0.4866
0.4872
0.4878
0.4884
0.489
0.4896
0.4902
0.4908
0.4914
0.492
0.4926
0.4932
0.4938
0.4944
0.495
0.4956
0.4962
0.4968
0.4974
0.498
0.4986
0.4992
0.4998
0.5004
0.501
0.5016
0.5022
0.5028
0.5034
0.504
0.5046
0.5052
0.5058
0.5064
0.507
0.5076
0.5082
0.5088
0.5094
0.51
0.5106
0.5112
0.5118
0.5124
0.513
0.5136
0.5142
0.5148
0.5154
0.516
0.5166
0.5172
0.5178
0.5184
0.519
0.5196
0.5202
0.5208
0.5214
0.522
0.5226
0.5232
0.5238
0.5244
0.525
0.5256
0.5262
0.5268
0.5224
0.518
0.5136
0.5092
0.5048
0.5004
0.496
0.4916
0.4872
0.4878
0.4884
0.489
0.4896
0.4902
0.4908
0.4914
0.492
0.4926
0.4932
0.4938
0.4944
0.495
0.4956
0.4962
0.4968
0.4974
0.498
0.4986
0.4992
0.4998
0.5004
0.501
0.5016
0.5022
0.5028
0.5034
0.504
0.5046
0.5052
0.5058
0.5064
0.507
0.5076
0.5082
0.5088
0.5094
0.51
0.5106
0.5112
0.5118
0.5124
0.513
0.5136
0.5142
0.5148
0.5154
0.516
0.5166
0.5172
0.5178
0.5184
0.519
0.5196
0.5202
0.5208
0.5214
0.522
0.5226
0.5232
0.5238
0.5244
0.525
0.5256
0.5262
0.5268
0.5274
0.528
0.5286
0.5292
0.5298
0.5304
0.531
0.5316
0.5322
0.5328
0.5334
0.534
0.5346
0.5352
0.5358
0.5364
0.537
0.4376
0.3382
0.2388
0.1394
0.04
0.0
0.0
0.0
0.0
0.0
0.0
0.0
0.0
0.0
0.0
0.0
0.0
0.0
0.0
0.0
0.0
6.0E-4
0.0012
0.0018
0.0024
0.003
0.0036
0.0042
0.0048
0.0054
0.006
0.0066
0.0072
0.0078
0.0084
0.009
0.0096
0.0102
0.0108
0.0114
0.012
0.0126
0.0126
0.0126
0.0126
0.0126
0.0126
0.0126
0.0126
0.0126
0.0126
0.0126
0.0126
0.0126
0.0126
0.0126
0.0126
0.0126
0.0126
0.0126
0.0126
0.0126
0.0126
0.0126
0.0126
0.0126
0.0126
0.0126
0.0126
0.0126
0.0126
0.0126
0.0126
0.0126
0.0126
0.0126
0.0126
0.0126
0.0126
0.0126
0.0126
0.0126
0.0126
0.0126
0.0126
0.0126
0.0126
0.0126
0.0126
0.0126
0.0126
0.0126
0.0126
0.0126
0.0126
0.0126
0.0126
0.0126
0.0126
0.0126
0.0126
0.0126
0.0126
0.0126
0.0126
0.0126
0.0126
0.0126
0.0126
0.0126
0.0126
0.0126
0.0126
0.0126
0.0126
0.0126
0.0126
0.0126
0.0126
0.0126
0.0126
0.0126
0.0126
0.0126
0.0126
0.0126
0.0126
0.0126
0.0126
0.0126
0.0126
0.0126
0.0126
0.0126
0.0126
0.0126
0.0126
0.0126
0.0126
0.0126
0.0126
0.0126
0.0126
0.0126
0.0126
0.0126
0.0126
0.0126
0.0126
0.0126
0.0126
0.0126
0.0126
0.0126
0.0126
0.0126
0.0126
0.0126
0.0126
0.0126
0.0126
0.0126
0.0126
0.0126
0.0126
0.0126
0.0126
0.0126
0.0126
0.0126
0.0126
0.0126
0.0126
0.0126
0.0126
0.0126
0.0126
0.0126
0.0126
0.0126
0.0126
0.0126
0.0126
0.0126
0.0126
0.0126
0.0126
0.0126
0.0126
0.0126
0.0126
0.0126
0.0126
0.0126
0.0126
0.0126
0.0126
0.0126
0.0126
0.0126
0.0126
0.0126
0.0126
0.0126
0.0126
0.0126
0.0126
0.0126
0.0126
0.0126
0.0126
0.0126
0.0126
0.0126
0.0126
0.0126
0.0126
0.0126
0.0126
0.0126
0.0126
0.0126
0.0126
0.0126
0.0126
0.0126
0.0126
0.0126
0.0126
0.0126
0.0126
0.0126
0.0126
0.0126
0.0126
0.0126
0.0126
0.0126
0.0126
0.0126
0.0126
0.0126
0.0126
0.0126
0.0126
0.0126
0.0126
0.0126
0.0126
0.0126
0.0126
0.0126
0.0126
0.0126
0.0126
0.0126
0.0126
0.0126
0.0126
0.0126
0.0126
0.0126
0.0126
0.0126
0.0126
0.0126
0.0126
0.0126
0.0126
0.0126
0.0126
0.0126
0.0126
0.0126
0.0126
0.0126
0.0126
0.0126
0.0126
0.0126
0.0126
0.0126
0.0126
0.0126
0.0126
0.0126
0.0126
0.0126
0.0126
0.0126
0.0126
0.0126
0.0126
0.0126
0.0126
0.0126
0.0126
0.0126
0.0126
0.0126
0.0126
0.0126
0.0126
0.0126
0.0126
0.0126
0.0126
0.0126
0.0126
0.0126
0.0126
0.0126
0.0126
0.0126
0.0126
0.0126
0.0126
0.0126
0.0126
0.0126
0.0126
0.0126
0.0126
0.0126
0.0126
0.0126
0.0126
0.0126
0.0126
0.0126
0.0126
0.0126
0.0126
0.0126
0.0126
0.0126
0.0126
0.0126
0.0126
0.0126
0.0126
0.0126
0.0126
0.0126
0.0126
0.0126
0.0126
0.0126
0.0126
0.0126
0.0126
0.0126
0.0126
0.0126
0.0126
0.0126
0.0126
0.0126
0.0126
0.0126
0.0126
0.0126
0.0126
0.0126
0.0126
0.0126
0.0126
0.0126
0.0126
0.0126
0.0126
0.0126
0.0126
0.0126
0.0126
0.0126
0.0126
0.0126
0.0126
0.0126
0.0126
0.0126
0.0126
0.0126
0.0126
0.0126
0.0126
0.0126
0.0126
0.0126
0.0126
0.0126
0.0126
0.0126
0.0126
0.0126
0.0126
0.0126
0.0126
0.0126
0.0126
0.0126
0.0126
0.0126
0.0126
0.0126
0.0126
0.0126
0.0126
0.0126
0.0126
0.0126
0.0126
0.0126
0.0126
0.0126
0.0126
0.0126
0.0126
0.0126
0.0126
0.0126
0.0126
0.0126
0.0126
0.0126
0.0126
0.0126
0.0126
0.0126
0.0126
0.0126
0.0126
0.0126
0.0126
0.0126
0.0126
0.0126
0.0126
0.0126
0.0126
0.0126
0.0126
0.0126
0.0126
0.0126
0.0126
0.0126
0.0126
0.0126
0.0126
0.0126
0.0126
0.0126
0.0126
0.0126
0.0126
0.0126
0.0126
0.0126
0.0126
0.0126
0.0126
0.0126
0.0126
0.0126
0.0126
0.0126
0.0126
0.0126
0.0126
0.0126
0.0126
0.0126
0.0126
0.0126
0.0126
0.0126
0.0126
0.0126
0.0126
0.0126
0.0126
0.0126
0.0126
0.0126
0.0126
0.0126
0.0126
0.0126
0.0126
0.0126
0.0126
0.0126
0.0126
0.0126
0.0126
0.0126
0.0126
0.0126
0.0126
0.0126
0.0126
0.0126
0.0126
0.0126
0.0126
0.0126
0.0126
0.0126
0.0132
0.0138
0.0144
0.015
0.0156
0.0162
0.0168
0.0174
0.018
0.0186
0.0192
0.0198
0.0204
0.021
0.0216
0.0222
0.0228
0.0234
0.024
0.0246
0.0252
0.0258
0.0264
0.027
0.0276
0.0282
0.0288
0.0294
0.03
0.0306
0.0312
0.0318
0.0324
0.033
0.0336
0.0342
0.0348
0.0354
0.036
0.0366
0.0372
0.0378
0.0384
0.039
0.0396
0.0402
0.0408
0.0414
0.042
0.0426
0.0432
0.0438
0.0444
0.045
0.0456
0.0462
0.0468
0.0474
0.048
0.0486
0.0492
0.0498
0.0504
0.051
0.0516
0.0522
0.0528
0.0534
0.054
0.0546
0.0552
0.0558
0.0564
0.057
0.0576
0.0582
0.0588
0.0594
0.06
0.0606
0.0612
0.0618
0.0624
0.063
0.0636
0.0642
0.0648
0.0654
0.066
0.0666
0.0672
0.0678
0.0684
0.069
0.0696
0.0702
0.0708
0.0714
0.072
0.0726
0.0732
0.0738
0.0744
0.075
0.0756
0.0762
0.0768
0.0774
0.078
0.0786
0.0792
0.0798
0.0804
0.081
0.0816
0.0822
0.0828
0.0834
0.084
0.0846
0.0852
0.0858
0.0864
0.087
0.0876
0.0882
0.0888
0.0894
0.09
0.0906
0.0912
0.0918
0.0924
0.093
0.0936
0.0942
0.0948
0.0954
0.096
0.0966
0.0972
0.0978
0.0984
0.099
0.0996
0.1002
0.1008
0.1014
0.102
0.1026
0.1032
0.1038
0.1044
0.105
0.1056
0.1062
0.1068
0.1074
0.108
0.1086
0.1092
0.1098
0.1104
0.111
0.1116
0.1122
0.1128
0.1134
0.114
0.1146
0.1152
0.1158
0.1164
0.117
0.1176
0.1182
0.1188
0.1194
0.115
0.1106
0.1062
0.1018
0.0974
0.093
0.0886
0.0842
0.0798
0.0804
0.081
0.0816
0.0822
0.0828
0.0834
0.084
0.0846
0.0852
0.0858
0.0864
0.087
0.0876
0.0882
0.0888
0.0894
0.09
0.0906
0.0912
0.0918
0.0924
0.093
0.0936
0.0942
0.0948
0.0954
0.096
0.0966
0.0972
0.0978
0.0984
0.099
0.0996
0.1002
0.1008
0.1014
0.102
0.1026
0.1032
0.1038
0.1044
0.105
0.1056
0.1062
0.1068
0.1074
0.108
0.1086
0.1092
0.1098
0.1104
0.111
0.1116
0.1122
0.1128
0.1134
0.114
0.1146
0.1152
0.1158
0.1164
0.117
0.1176
0.1182
0.1188
0.1194
0.12
0.1206
0.1212
0.1218
0.1224
0.123
0.1236
0.1242
0.1248
0.1254
0.126
0.1266
0.1272
0.1278
0.1284
0.129
0.1296
0.1302
0.1308
0.1314
0.132
0.1326
0.1332
0.1338
0.1344
0.135
0.1356
0.1362
0.1368
0.1374
0.138
0.1386
0.1392
0.1398
0.1404
0.141
0.1416
0.1422
0.1428
0.1434
0.144
0.1446
0.1452
0.1458
0.1464
0.147
0.1426
0.1382
0.1338
0.1294
0.125
0.1206
0.1162
0.1118
0.1074
0.103
0.0986
0.0942
0.0898
0.0854
0.081
0.0816
0.0822
0.0828
0.0834
0.084
0.0846
0.0852
0.0858
0.0864
0.087
0.0876
0.0882
0.0888
0.0894
0.09
0.0906
0.0912
0.0918
0.0924
0.093
0.0936
0.0942
0.0948
0.0954
0.096
0.0966
0.0972
0.0978
0.0984
0.099
0.0996
0.1002
0.1008
0.1014
0.102
0.1026
0.1032
0.1038
0.1044
0.105
0.1056
0.1062
0.1068
0.1074
0.108
0.1086
0.1092
0.1098
0.1104
0.111
0.1116
0.1122
0.1128
0.1134
0.114
0.1146
0.1152
0.1158
0.1164
0.117
0.1176
0.1182
0.1188
0.1194
0.12
0.1206
0.1212
0.1218
0.1224
0.123
0.1236
0.1242
0.1248
0.1254
0.126
0.1266
0.1272
0.1278
0.1284
0.129
0.1296
0.1302
0.1308
0.1314
0.132
0.1326
0.1332
0.1338
0.1344
0.135
0.1356
0.1362
0.1368
0.1374
0.138
0.1386
0.1392
0.1398
0.1404
0.141
0.1416
0.1422
0.1428
0.1434
0.144
0.1446
0.1452
0.1458
0.1464
0.147
0.1476
0.1482
0.1488
0.1494
0.15
0.1506
0.1512
0.1518
0.1524
0.153
0.1536
0.1542
0.1548
0.1504
0.146
0.1416
0.1372
0.1328
0.1284
0.124
0.1196
0.1152
0.1108
0.1064
0.102
0.0976
0.0932
0.0888
0.0844
0.08
0.0756
0.0712
0.0668
0.0624
0.058
0.0536
0.0492
0.0448
0.0404
0.036
0.0316
0.0272
0.0228
0.0184
0.014
0.0096
0.0052
8.0E-4
0.0
0.0
0.0
0.0
0.0
6.0E-4
0.0012
0.0018
0.0024
0.003
0.0036
0.0042
0.0048
0.0054
0.006
0.0066
0.0072
0.0078
0.0084
0.009
0.0096
0.0102
0.0108
0.0114
0.012
0.0126
0.0132
0.0138
0.0144
0.015
0.0156
0.0162
0.0168
0.0174
0.018
0.0186
0.0192
0.0198
0.0204
0.021
0.0216
0.0222
0.0228
0.0234
0.024
0.0246
0.0252
0.0258
0.0264
0.027
0.0276
0.0282
0.0288
0.0294
0.03
0.0306
0.0312
0.0318
0.0324
0.033
0.0336
0.0342
0.0348
0.0354
0.036
0.0366
0.0372
0.0378
0.0384
0.039
0.0396
0.0402
0.0408
0.0414
0.042
0.0426
0.0432
0.0438
0.0444
0.045
0.0456
0.0462
0.0468
0.0474
0.048
0.0486
0.0492
0.0498
0.0504
0.051
0.0516
0.0522
0.0528
0.0534
0.054
0.0546
0.0552
0.0558
0.0564
0.057
0.0576
0.0582
0.0588
0.0594
0.06
0.0606
0.0612
0.0618
0.0624
0.063
0.0636
0.0642
0.0648
0.0654
0.066
0.0666
0.0672
0.0678
0.0684
0.069
0.0696
0.0702
0.0708
0.0714
0.072
0.0726
0.0732
0.0738
0.0744
0.075
0.0756
0.0762
0.0768
0.0774
0.078
0.0786
0.0792
0.0798
0.0804
0.081
0.0816
0.0822
0.0828
0.0834
0.084
0.0846
0.0852
0.0858
0.0864
0.087
0.0876
0.0882
0.0888
0.0894
0.09
0.0906
0.0912
0.0918
0.0924
0.093
0.0936
0.0942
0.0948
0.0954
0.096
0.0966
0.0972
0.0978
0.0984
0.099
0.0996
0.1002
0.1008
0.1014
0.102
0.1026
0.1032
0.1038
0.1044
0.105
0.1056
0.1062
0.1068
0.1074
0.108
0.1086
0.1092
0.1098
0.1104
0.111
0.1116
0.1122
0.1128
0.1134
0.114
0.1146
0.1152
0.1158
0.1164
0.117
0.1176
0.1182
0.1188
0.1194
0.12
0.1206
0.1212
0.1218
0.1224
0.123
0.1236
0.1242
0.1248
0.1254
0.126
0.1266
0.1272
0.1278
0.1284
0.129
0.1296
0.1302
0.1308
0.1314
0.132
0.1326
0.1332
0.1338
0.1344
0.135
0.1356
0.1362
0.1368
0.1374
0.138
0.1386
0.1392
0.1398
0.1404
0.141
0.1416
0.1422
0.1428
0.1434
0.144
0.1446
0.1452
0.1458
0.1464
0.147
0.1476
0.1482
0.1488
0.1494
0.15
0.1506
0.1512
0.1518
0.1524
0.153
0.1536
0.1542
0.1548
0.1554
0.156
0.1566
0.1572
0.1578
0.1584
0.159
0.1596
0.1602
0.1608
0.1614
0.162
0.1626
0.1632
0.1638
0.1644
0.165
0.1656
0.1662
0.1668
0.1674
0.168
0.1686
0.1692
0.1698
0.1704
0.171
0.1716
0.1722
0.1728
0.1734
0.174
0.1746
0.1752
0.1758
0.1764
0.177
0.1776
0.1782
0.1788
0.1794
0.18
0.1806
0.1812
0.1818
0.1824
0.183
0.1836
0.1842
0.1848
0.1804
0.176
0.1716
0.1672
0.1628
0.1584
0.154
0.1496
0.1452
0.1458
0.1464
0.147
0.1476
0.1482
0.1488
0.1494
0.15
0.1506
0.1512
0.1518
0.1524
0.153
0.1536
0.1542
0.1548
0.1554
0.156
0.1566
0.1572
0.1578
0.1584
0.159
0.1596
0.1602
0.1608
0.1614
0.162
0.1626
0.1632
0.1638
0.1644
0.165
0.1656
0.1662
0.1668
0.1674
0.168
0.1686
0.1692
0.1698
0.1704
0.171
0.1716
0.1722
0.1728
0.1734
0.174
0.1746
0.1752
0.1758
0.1764
0.177
0.1776
0.1782
0.1788
0.1794
0.18
0.1806
0.1812
0.1818
0.1824
0.183
0.1836
0.1842
0.1848
0.1854
0.186
0.1866
0.1872
0.1878
0.1884
0.189
0.1896
0.1902
0.1908
0.1914
0.192
0.1926
0.1932
0.1938
0.1944
0.195
0.1956
0.1962
0.1968
0.1974
0.198
0.1986
0.1992
0.1998
0.2004
0.201
0.2016
0.2022
0.2028
0.2034
0.204
0.2046
0.2052
0.2058
0.2064
0.207
0.2076
0.2082
0.2088
0.2094
0.21
0.2106
0.2112
0.2118
0.2124
0.213
0.2136
0.2142
0.2148
0.2154
0.216
0.2166
0.2172
0.2178
0.2184
0.219
0.2196
0.2202
0.2208
0.2214
0.222
0.2226
0.2232
0.2238
0.2244
0.225
0.2256
0.2262
0.2268
0.2274
0.128
0.0286
0.0
0.0
0.0
0.0
0.0
0.0
0.0
0.0
0.0
0.0
0.0
0.0
0.0
0.0
0.0
0.0
0.0
0.0
0.0
0.0
0.0
0.0
0.0
0.0
0.0
0.0
0.0
0.0
0.0
0.0
0.0
0.0
0.0
0.0
0.0
0.0
0.0
0.0
0.0
0.0
0.0
0.0
0.0
0.0
0.0
0.0
0.0
0.0
0.0
0.0
0.0
0.0
0.0
0.0
0.0
0.0
0.0
0.0
0.0
0.0
0.0
0.0
0.0
0.0
0.0
0.0
0.0
0.0
0.0
0.0
0.0
0.0
0.0
0.0
0.0
0.0
0.0
0.0
0.0
0.0
0.0
0.0
0.0
0.0
0.0
0.0
0.0
0.0
0.0
0.0
0.0
0.0
0.0
0.0
0.0
0.0
0.0
0.0
0.0
0.0
0.0
0.0
0.0
0.0
0.0
0.0
0.0
0.0
0.0
0.0
0.0
0.0
0.0
0.0
0.0
0.0
0.0
0.0
0.0
0.0
0.0
0.0
0.0
0.0
0.0
0.0
0.0
0.0
0.0
0.0
0.0
0.0
0.0
0.0
0.0
0.0
0.0
0.0
0.0
0.0
0.0
0.0
0.0
0.0
0.0
0.0
0.0
0.0
0.0
0.0
0.0
0.0
0.0
0.0
0.0
0.0
0.0
0.0
0.0
0.0
0.0
0.0
0.0
0.0
0.0
0.0
0.0
0.0
0.0
0.0
0.0
0.0
0.0
0.0
0.0
0.0
0.0
0.0
0.0
0.0
0.0
0.0
0.0
0.0
0.0
0.0
0.0
0.0
0.0
0.0
0.0
0.0
0.0
0.0
0.0
0.0
0.0
0.0
0.0
0.0
0.0
0.0
0.0
0.0
0.0
0.0
0.0
0.0
0.0
0.0
0.0
0.0
0.0
0.0
0.0
0.0
0.0
0.0
0.0
0.0
0.0
0.0
0.0
0.0
0.0
0.0
0.0
0.0
0.0
0.0
0.0
0.0
0.0
0.0
0.0
0.0
0.0
0.0
0.0
0.0
0.0
0.0
0.0
0.0
0.0
0.0
0.0
0.0
0.0
0.0
0.0
0.0
0.0
0.0
0.0
0.0
0.0
0.0
0.0
0.0
0.0
0.0
0.0
0.0
0.0
0.0
0.0
0.0
0.0
0.0
0.0
0.0
0.0
0.0
0.0
0.0
0.0
0.0
0.0
0.0
0.0
0.0
0.0
0.0
0.0
0.0
0.0
0.0
0.0
0.0
0.0
0.0
0.0
0.0
0.0
0.0
0.0
0.0
0.0
0.0
0.0
0.0
0.0
0.0
0.0
0.0
0.0
0.0
0.0
0.0
0.0
0.0
0.0
0.0
0.0
0.0
0.0
0.0
0.0
0.0
0.0
0.0
0.0
0.0
0.0
0.0
0.0
0.0
0.0
0.0
0.0
0.0
0.0
0.0
0.0
0.0
0.0
0.0
0.0
0.0
0.0
0.0
0.0
0.0
0.0
0.0
0.0
0.0
0.0
0.0
0.0
0.0
0.0
0.0
0.0
0.0
0.0
0.0
0.0
0.0
0.0
0.0
0.0
0.0
0.0
0.0
0.0
0.0
0.0
0.0
0.0
0.0
0.0
0.0
0.0
0.0
0.0
0.0
0.0
0.0
0.0
0.0
0.0
0.0
0.0
0.0
0.0
0.0
0.0
0.0
0.0
0.0
0.0
0.0
0.0
0.0
0.0
0.0
0.0
0.0
0.0
0.0
0.0
0.0
0.0
0.0
0.0
0.0
0.0
0.0
0.0
0.0
0.0
0.0
0.0
0.0
0.0
0.0
0.0
0.0
0.0
0.0
0.0
0.0
0.0
0.0
0.0
0.0
0.0
0.0
0.0
0.0
0.0
0.0
0.0
0.0
0.0
0.0
0.0
0.0
0.0
0.0
0.0
0.0
0.0
0.0
0.0
0.0
0.0
0.0
0.0
0.0
0.0
0.0
0.0
0.0
0.0
0.0
0.0
0.0
0.0
0.0
0.0
0.0
0.0
0.0
0.0
0.0
0.0
0.0
0.0
0.0
0.0
0.0
0.0
0.0
0.0
0.0
0.0
0.0
0.0
0.0
0.0
0.0
0.0
0.0
0.0
0.0
0.0
0.0
0.0
0.0
0.0
0.0
0.0
0.0
0.0
0.0
0.0
0.0
6.0E-4
0.0012
0.0018
0.0024
0.003
0.0036
0.0042
0.0048
0.0054
0.006
0.0066
0.0072
0.0078
0.0084
0.009
0.0096
0.0102
0.0108
0.0114
0.012
0.0126
0.0132
0.0138
0.0144
0.015
0.0156
0.0162
0.0168
0.0174
0.018
0.0186
0.0192
0.0198
0.0204
0.021
0.0216
0.0222
0.0228
0.0234
0.024
0.0246
0.0252
0.0258
0.0264
0.027
0.0276
0.0282
0.0288
0.0294
0.03
0.0306
0.0312
0.0318
0.0324
0.033
0.0336
0.0342
0.0348
0.0354
0.036
0.0366
0.0372
0.0378
0.0384
0.039
0.0396
0.0402
0.0408
0.0414
0.042
0.0426
0.0432
0.0438
0.0444
0.045
0.0456
0.0462
0.0468
0.0474
0.048
0.0486
0.0492
0.0498
0.0504
0.051
0.0516
0.0522
0.0528
0.0534
0.054
0.0546
0.0552
0.0558
0.0564
0.057
0.0576
0.0582
0.0588
0.0594
0.06
0.0606
0.0612
0.0618
0.0624
0.063
0.0636
0.0642
0.0648
0.0654
0.066
0.0666
0.0672
0.0678
0.0684
0.069
0.0696
0.0702
0.0708
0.0714
0.072
0.0726
0.0732
0.0738
0.0744
0.075
0.0756
0.0762
0.0768
0.0774
0.078
0.0786
0.0792
0.0798
0.0804
0.081
0.0816
0.0822
0.0828
0.0834
0.084
0.0846
0.0852
0.0858
0.0864
0.087
0.0876
0.0882
0.0888
0.0894
0.09
0.0906
0.0912
0.0918
0.0924
0.093
0.0936
0.0942
0.0948
0.0954
0.096
0.0966
0.0972
0.0978
0.0984
0.099
0.0996
0.1002
0.1008
0.1014
0.102
0.1026
0.1032
0.1038
0.1044
0.105
0.1056
0.1062
0.1068
0.1074
0.108
0.1086
0.1092
0.1098
0.1104
0.111
0.1116
0.1122
0.1128
0.1134
0.114
0.1146
0.1152
0.1158
0.1164
0.117
0.1176
0.1182
0.1188
0.1194
0.12
0.1206
0.1212
0.1218
0.1224
0.123
0.1236
0.1242
0.1248
0.1254
0.126
0.1266
0.1272
0.1278
0.1284
0.129
0.1296
0.1302
0.1308
0.1314
0.132
0.1326
0.1332
0.1338
0.1344
0.135
0.1356
0.1362
0.1368
0.1374
0.138
0.1386
0.1392
0.1398
0.1404
0.141
0.1416
0.1422
0.1428
0.1434
0.144
0.1446
0.1452
0.1458
0.1464
0.147
0.1476
0.1482
0.1488
0.1494
0.15
0.1506
0.1512
0.1518
0.1524
0.153
0.1536
0.1542
0.1548
0.1554
0.156
0.1566
0.1572
0.1578
0.1584
0.159
0.1596
0.1602
0.1608
0.1614
0.162
0.1626
0.1632
0.1638
0.1644
0.165
0.1656
0.1662
0.1668
0.1674
0.168
0.1686
0.1692
0.1698
0.1704
0.171
0.1716
0.1722
0.1728
0.1734
0.174
0.1746
0.1752
0.1758
0.1764
0.177
0.1776
0.1782
0.1788
0.1794
0.18
0.1806
0.1812
0.1818
0.1824
0.183
0.1836
0.1842
0.1848
0.1854
0.186
0.1866
0.1872
0.1878
0.1884
0.189
0.1896
0.1902
0.1908
0.1914
0.192
0.1926
0.1932
0.1938
0.1944
0.195
0.1956
0.1962
0.1968
0.1974
0.198
0.1986
0.1992
0.1998
0.2004
0.201
0.2016
0.2022
0.2028
0.2034
0.204
0.2046
0.2052
0.2058
0.2064
0.207
0.2076
0.2082
0.2088
0.2094
0.21
0.2106
0.2112
0.2118
0.2124
0.213
0.2136
0.2142
0.2148
0.2154
0.216
0.2166
0.2172
0.2178
0.2184
0.219
0.2196
0.2202
0.2208
0.2214
0.222
0.2226
0.2232
0.2238
0.2244
0.225
0.2256
0.2212
0.2168
0.2124
0.208
0.2036
0.1992
0.1948
0.1904
0.186
0.1866
0.1872
0.1878
0.1884
0.189
0.1896
0.1902
0.1908
0.1914
0.192
0.1926
0.1932
0.1938
0.1944
0.195
0.1956
0.1962
0.1968
0.1974
0.198
0.1986
0.1992
0.1998
0.2004
0.201
0.2016
0.2022
0.2028
0.2034
0.204
0.2046
0.2052
0.2058
0.2064
0.207
0.2026
0.1982
0.1938
0.1894
0.185
0.1806
0.1762
0.1718
0.1674
0.168
0.1686
0.1692
0.1698
0.1704
0.171
0.1716
0.1722
0.1728
0.1734
0.174
0.1746
0.1752
0.1758
0.1764
0.177
0.1776
0.1782
0.1788
0.1794
0.18
0.1806
0.1812
0.1818
0.1824
0.183
0.1836
0.1842
0.1848
0.1854
0.186
0.1866
0.1872
0.1878
0.1884
0.184
0.1796
0.1752
0.1708
0.1664
0.162
0.1576
0.1532
0.1488
0.1444
0.14
0.1356
0.1312
0.1268
0.1224
0.118
0.1136
0.1092
0.1048
0.1004
0.096
0.0916
0.0872
0.0828
0.0834
0.084
0.0846
0.0852
0.0858
0.0864
0.087
0.0876
0.0882
0.0888
0.0894
0.09
0.0906
0.0912
0.0918
0.0924
0.093
0.0936
0.0942
0.0948
0.0954
0.096
0.0966
0.0972
0.0978
0.0984
0.099
0.0996
0.1002
0.1008
0.1014
0.102
0.1026
0.1032
0.1038
0.1044
0.105
0.1056
0.1062
0.1068
0.1074
0.108
0.1086
0.1092
0.1098
0.1104
0.111
0.1116
0.1122
0.1128
0.1134
0.114
0.1146
0.1152
0.1158
0.1164
0.117
0.1176
0.1182
0.1188
0.1194
0.12
0.1206
0.1212
0.1218
0.1224
0.123
0.1236
0.1242
0.1248
0.1254
0.126
0.1266
0.1272
0.1278
0.1284
0.129
0.1296
0.1302
0.1308
0.1314
0.132
0.1326
0.1332
0.1338
0.1344
0.135
0.1356
0.1362
0.1368
0.1374
0.138
0.1386
0.1392
0.1398
0.1404
0.141
0.1416
0.1422
0.1428
0.1434
0.144
0.1446
0.1452
0.1458
0.1464
0.147
0.1476
0.1482
0.1488
0.1494
0.15
0.1506
0.1512
0.1518
0.1524
0.153
0.1536
0.1542
0.1548
0.1554
0.156
0.1566
0.1572
0.1578
0.1584
0.159
0.1596
0.1602
0.1608
0.1614
0.162
0.1626
0.1632
0.1638
0.1644
0.165
0.1656
0.1662
0.1668
0.1674
0.168
0.1686
0.1692
0.1698
0.1704
0.171
0.1716
0.1722
0.1728
0.1734
0.174
0.1746
0.1752
0.1758
0.1764
0.177
0.1776
0.1782
0.1788
0.1794
0.18
0.1806
0.1812
0.1818
0.1824
0.183
0.1836
0.1842
0.1848
0.1854
0.186
0.1866
0.1872
0.1878
0.1884
0.189
0.1896
0.1902
0.1908
0.1914
0.192
0.1926
0.1932
0.1938
0.1944
0.195
0.1956
0.1962
0.1968
0.1974
0.198
0.1986
0.1992
0.1998
0.2004
0.201
0.2016
0.2022
0.2028
0.2034
0.204
0.2046
0.2052
0.2058
0.2064
0.207
0.2076
0.2082
0.2088
0.2094
0.21
0.2106
0.2112
0.2118
0.2124
0.213
0.2136
0.2142
0.2148
0.2154
0.216
0.2166
0.2172
0.2178
0.2184
0.219
0.2196
0.2202
0.2208
0.2214
0.222
0.2226
0.2232
0.2238
0.2244
0.225
0.2256
0.2262
0.2268
0.2274
0.228
0.2286
0.2292
0.2298
0.2304
0.231
0.2316
0.2322
0.2328
0.2334
0.234
0.2346
0.2352
0.2358
0.2364
0.237
0.2376
0.2382
0.2388
0.2394
0.24
0.2406
0.2412
0.2418
0.2424
0.243
0.2436
0.2442
0.2448
0.2454
0.246
0.2466
0.2472
0.2478
0.2484
0.249
0.2496
0.2502
0.2508
0.2514
0.252
0.2526
0.2532
0.2538
0.2544
0.255
0.2556
0.2562
0.2568
0.2574
0.258
0.2586
0.2592
0.2598
0.2604
0.261
0.2616
0.2622
0.2628
0.2634
0.264
0.2646
0.2652
0.2658
0.2664
0.267
0.2676
0.2682
0.2688
0.2694
0.27
0.2706
0.2712
0.2718
0.2724
0.273
0.2736
0.2742
0.2748
0.2754
0.276
0.2766
0.2772
0.2778
0.2784
0.279
0.2796
0.2802
0.2808
0.2814
0.282
0.2826
0.2832
0.2838
0.2844
0.285
0.2856
0.2862
0.2868
0.2874
0.288
0.2886
0.2892
0.2898
0.2904
0.291
0.2916
0.2922
0.2928
0.2934
0.294
0.2946
0.2952
0.2958
0.2964
0.297
0.2976
0.2982
0.2988
0.2994
0.3
0.3006
0.3012
0.3018
0.3024
0.303
0.3036
0.3042
0.3048
0.3054
0.306
0.3066
0.3072
0.3078
0.3084
0.309
0.3096
0.3102
0.3108
0.3114
0.312
0.3126
0.3132
0.3138
0.3144
0.315
0.3156
0.3162
0.3168
0.3174
0.318
0.3186
0.3192
0.3198
0.3204
0.321
0.3216
0.3222
0.3228
0.3234
0.324
0.3246
0.3252
0.3258
0.3264
0.327
0.3276
0.3282
0.3288
0.3294
0.33
0.3306
0.3312
0.3318
0.3324
0.333
0.3336
0.3342
0.3348
0.3354
0.336
0.3366
0.3372
0.3378
0.3384
0.339
0.3396
0.3402
0.3408
0.3414
0.342
0.3426
0.3432
0.3438
0.3444
0.345
0.3456
0.3462
0.3468
0.3474
0.343
0.3386
0.3342
0.3298
0.3254
0.321
0.3166
0.3122
0.3078
0.2084
0.109
0.0096
0.0
0.0
0.0
0.0
0.0
0.0
0.0
0.0
0.0
0.0
0.0
0.0
0.0
0.0
0.0
0.0
0.0
0.0
0.0
0.0
0.0
0.0
0.0
0.0
0.0
0.0
0.0
0.0
0.0
0.0
0.0
0.0
0.0
0.0
0.0
0.0
0.0
0.0
0.0
0.0
0.0
0.0
0.0
0.0
0.0
0.0
0.0
0.0
0.0
0.0
0.0
0.0
0.0
0.0
0.0
0.0
0.0
0.0
0.0
0.0
0.0
0.0
0.0
0.0
0.0
0.0
0.0
0.0
0.0
0.0
0.0
0.0
0.0
0.0
0.0
0.0
0.0
0.0
0.0
0.0
0.0
0.0
0.0
0.0
0.0
0.0
0.0
0.0
0.0
0.0
0.0
0.0
0.0
0.0
0.0
0.0
0.0
0.0
0.0
0.0
0.0
0.0
0.0
0.0
0.0
0.0
0.0
0.0
0.0
0.0
0.0
0.0
0.0
0.0
0.0
0.0
0.0
0.0
0.0
0.0
0.0
0.0
0.0
0.0
0.0
0.0
0.0
0.0
0.0
0.0
0.0
0.0
0.0
0.0
0.0
0.0
0.0
0.0
0.0
0.0
0.0
0.0
0.0
0.0
0.0
0.0
0.0
0.0
0.0
0.0
0.0
0.0
0.0
0.0
0.0
0.0
0.0
0.0
0.0
0.0
0.0
0.0
0.0
0.0
0.0
0.0
0.0
0.0
0.0
0.0
0.0
0.0
0.0
0.0
0.0
0.0
0.0
0.0
0.0
0.0
0.0
0.0
0.0
0.0
0.0
0.0
0.0
0.0
0.0
0.0
0.0
0.0
0.0
0.0
0.0
0.0
0.0
0.0
0.0
0.0
0.0
0.0
0.0
0.0
0.0
0.0
0.0
0.0
0.0
0.0
0.0
0.0
0.0
0.0
0.0
0.0
0.0
0.0
0.0
0.0
0.0
0.0
0.0
0.0
0.0
0.0
0.0
0.0
0.0
0.0
0.0
0.0
0.0
0.0
0.0
0.0
0.0
0.0
0.0
0.0
0.0
0.0
0.0
0.0
0.0
0.0
0.0
0.0
0.0
0.0
0.0
0.0
0.0
0.0
0.0
0.0
0.0
0.0
0.0
0.0
0.0
0.0
0.0
0.0
0.0
0.0
0.0
0.0
0.0
0.0
0.0
0.0
0.0
0.0
0.0
0.0
0.0
0.0
0.0
0.0
0.0
0.0
0.0
0.0
0.0
0.0
0.0
0.0
0.0
0.0
0.0
0.0
0.0
0.0
0.0
0.0
0.0
0.0
0.0
0.0
0.0
0.0
0.0
0.0
0.0
0.0
0.0
0.0
0.0
0.0
0.0
0.0
0.0
0.0
0.0
0.0
0.0
0.0
0.0
0.0
0.0
0.0
0.0
0.0
0.0
0.0
0.0
0.0
0.0
0.0
0.0
0.0
0.0
0.0
0.0
0.0
0.0
0.0
0.0
0.0
0.0
0.0
0.0
0.0
0.0
0.0
0.0
0.0
0.0
0.0
0.0
0.0
0.0
0.0
0.0
0.0
0.0
0.0
0.0
0.0
0.0
0.0
0.0
0.0
0.0
0.0
0.0
0.0
0.0
0.0
0.0
0.0
0.0
0.0
0.0
0.0
0.0
0.0
0.0
0.0
0.0
0.0
0.0
0.0
0.0
0.0
0.0
0.0
0.0
0.0
0.0
0.0
0.0
0.0
0.0
0.0
0.0
0.0
0.0
0.0
0.0
0.0
0.0
0.0
0.0
0.0
0.0
0.0
0.0
0.0
0.0
0.0
0.0
0.0
0.0
0.0
0.0
0.0
0.0
0.0
0.0
0.0
0.0
0.0
0.0
0.0
0.0
0.0
0.0
0.0
0.0
0.0
0.0
0.0
0.0
0.0
0.0
0.0
0.0
0.0
0.0
0.0
0.0
0.0
0.0
0.0
0.0
0.0
0.0
0.0
0.0
0.0
0.0
0.0
0.0
0.0
0.0
0.0
0.0
0.0
0.0
0.0
0.0
0.0
0.0
0.0
0.0
0.0
0.0
0.0
6.0E-4
0.0012
0.0018
0.0024
0.003
0.0036
0.0042
0.0048
0.0054
0.006
0.0066
0.0072
0.0078
0.0084
0.009
0.0096
0.0102
0.0108
0.0114
0.012
0.0126
0.0132
0.0138
0.0144
0.015
0.0156
0.0162
0.0168
0.0174
0.018
0.0186
0.0192
0.0198
0.0204
0.021
0.0216
0.0222
0.0228
0.0234
0.024
0.0246
0.0252
0.0258
0.0264
0.027
0.0276
0.0282
0.0288
0.0294
0.03
0.0306
0.0312
0.0318
0.0324
0.033
0.0336
0.0342
0.0348
0.0354
0.036
0.0366
0.0372
0.0378
0.0384
0.039
0.0396
0.0402
0.0408
0.0414
0.042
0.0426
0.0432
0.0438
0.0444
0.045
0.0456
0.0462
0.0468
0.0474
0.048
0.0486
0.0492
0.0498
0.0504
0.051
0.0516
0.0522
0.0528
0.0534
0.054
0.0546
0.0552
0.0558
0.0564
0.057
0.0576
0.0582
0.0588
0.0594
0.06
0.0606
0.0612
0.0618
0.0624
0.063
0.0636
0.0642
0.0648
0.0654
0.066
0.0666
0.0672
0.0678
0.0684
0.069
0.0696
0.0702
0.0708
0.0714
0.072
0.0726
0.0732
0.0738
0.0744
0.075
0.0756
0.0762
0.0768
0.0774
0.078
0.0786
0.0792
0.0798
0.0804
0.081
0.0816
0.0822
0.0828
0.0834
0.084
0.0846
0.0852
0.0858
0.0864
0.087
0.0876
0.0882
0.0888
0.0894
0.09
0.0906
0.0912
0.0918
0.0924
0.093
0.0936
0.0942
0.0948
0.0954
0.096
0.0966
0.0972
0.0978
0.0984
0.099
0.0996
0.1002
0.1008
0.1014
0.102
0.1026
0.1032
0.1038
0.1044
0.105
0.1056
0.1062
0.1068
0.1074
0.108
0.1086
0.1092
0.1098
0.1104
0.111
0.1116
0.1122
0.1128
0.1134
0.114
0.1146
0.1152
0.1158
0.1164
0.117
0.1176
0.1182
0.1188
0.1194
0.12
0.1206
0.1212
0.1218
0.1224
0.123
0.1236
0.1242
0.1248
0.1254
0.121
0.1166
0.1122
0.1078
0.1034
0.099
0.0946
0.0902
0.0858
0.0864
0.087
0.0876
0.0882
0.0888
0.0894
0.09
0.0906
0.0912
0.0918
0.0924
0.093
0.0936
0.0942
0.0948
0.0954
0.096
0.0966
0.0972
0.0978
0.0984
0.099
0.0996
0.1002
0.1008
0.1014
0.102
0.1026
0.1032
0.1038
0.1044
0.105
0.1056
0.1062
0.1068
0.1074
0.108
0.1086
0.1092
0.1098
0.1104
0.111
0.1116
0.1122
0.1128
0.1134
0.114
0.1146
0.1152
0.1158
0.1164
0.117
0.1176
0.1182
0.1188
0.1194
0.12
0.1206
0.1212
0.1218
0.1224
0.123
0.1236
0.1242
0.1248
0.1254
0.126
0.1266
0.1272
0.1278
0.1284
0.129
0.1296
0.1302
0.1308
0.1314
0.132
0.1326
0.1332
0.1338
0.1344
0.135
0.1356
0.1362
0.1368
0.1374
0.138
0.1386
0.1392
0.1398
0.1404
0.141
0.1416
0.1422
0.1428
0.1434
0.144
0.1446
0.1452
0.1458
0.1464
0.147
0.1476
0.1482
0.1488
0.1494
0.15
0.1506
0.1512
0.1518
0.1524
0.153
0.1536
0.1542
0.1548
0.1554
0.156
0.1566
0.1572
0.1578
0.1584
0.159
0.1596
0.1602
0.1608
0.1614
0.162
0.1626
0.1632
0.1638
0.1644
0.165
0.1656
0.1662
0.1668
0.1674
0.168
0.1686
0.1692
0.1698
0.1704
0.171
0.1716
0.1722
0.1728
0.1734
0.174
0.1746
0.1752
0.1758
0.1764
0.177
0.1776
0.1782
0.1788
0.1794
0.18
0.1806
0.1812
0.1818
0.1824
0.183
0.1836
0.1842
0.1848
0.1854
0.186
0.1866
0.1872
0.1878
0.1884
0.189
0.1896
0.1902
0.1908
0.1914
0.192
0.1926
0.1932
0.1938
0.1944
0.195
0.1956
0.1962
0.1918
0.1874
0.183
0.1786
0.1742
0.1698
0.1654
0.161
0.1566
0.1572
0.1578
0.1584
0.159
0.1596
0.1602
0.1608
0.1614
0.162
0.1626
0.1632
0.1638
0.1644
0.165
0.1656
0.1662
0.1668
0.1674
0.168
0.1686
0.1692
0.1698
0.1704
0.171
0.1716
0.1722
0.1728
0.1734
0.174
0.1746
0.1752
0.1758
0.1764
0.177
0.1776
0.1782
0.1738
0.1694
0.165
0.1606
0.1562
0.1518
0.1474
0.143
0.1386
0.1392
0.1398
0.1404
0.141
0.1416
0.1422
0.1428
0.1434
0.144
0.1446
0.1452
0.1458
0.1464
0.147
0.1476
0.1482
0.1488
0.1494
0.15
0.1506
0.1512
0.1518
0.1524
0.153
0.1536
0.1542
0.1548
0.1554
0.156
0.1566
0.1572
0.1578
0.1584
0.159
0.1596
0.1602
0.1608
0.1614
0.162
0.1626
0.1632
0.1638
0.1644
0.165
0.1656
0.1662
0.1668
0.1674
0.168
0.1686
0.1692
0.1648
0.1604
0.156
0.1516
0.1472
0.1428
0.1384
0.134
0.1296
0.1252
0.1208
0.1164
0.112
0.1076
0.1032
0.0988
0.0944
0.09
0.0856
0.0812
0.0768
0.0724
0.068
0.0636
0.0592
0.0548
0.0504
0.046
0.0416
0.0372
0.0328
0.0284
0.024
0.0196
0.0152
0.0108
0.0064
0.002
0.0
6.0E-4
0.0012
0.0018
0.0024
0.003
0.0036
0.0042
0.0048
0.0054
0.006
0.0066
0.0072
0.0078
0.0084
0.009
0.0096
0.0102
0.0108
0.0114
0.012
0.0126
0.0132
0.0138
0.0144
0.015
0.0156
0.0162
0.0168
0.0174
0.018
0.0186
0.0192
0.0198
0.0204
0.021
0.0216
0.0222
0.0228
0.0234
0.024
0.0246
0.0252
0.0258
0.0264
0.027
0.0276
0.0282
0.0288
0.0294
0.03
0.0306
0.0312
0.0318
0.0324
0.033
0.0336
0.0342
0.0348
0.0354
0.036
0.0366
0.0372
0.0378
0.0384
0.039
0.0396
0.0402
0.0408
0.0414
0.042
0.0426
0.0432
0.0438
0.0444
0.045
0.0456
0.0462
0.0468
0.0474
0.048
0.0486
0.0492
0.0498
0.0504
0.051
0.0516
0.0522
0.0528
0.0534
0.054
0.0546
0.0552
0.0558
0.0564
0.057
0.0576
0.0582
0.0588
0.0594
0.06
0.0606
0.0612
0.0618
0.0624
0.063
0.0636
0.0642
0.0648
0.0654
0.066
0.0666
0.0672
0.0678
0.0684
0.069
0.0696
0.0702
0.0708
0.0714
0.072
0.0726
0.0732
0.0738
0.0744
0.075
0.0756
0.0762
0.0768
0.0774
0.078
0.0786
0.0792
0.0798
0.0804
0.081
0.0816
0.0822
0.0828
0.0834
0.084
0.0846
0.0852
0.0858
0.0864
0.087
0.0876
0.0882
0.0888
0.0894
0.09
0.0906
0.0912
0.0918
0.0924
0.093
0.0936
0.0942
0.0948
0.0954
0.096
0.0966
0.0972
0.0978
0.0984
0.099
0.0996
0.1002
0.1008
0.1014
0.102
0.1026
0.1032
0.1038
0.1044
0.105
0.1056
0.1062
0.1068
0.1074
0.108
0.1086
0.1092
0.1098
0.1104
0.111
0.1116
0.1122
0.1128
0.1134
0.114
0.1146
0.1152
0.1158
0.1164
0.117
0.1176
0.1182
0.1188
0.1194
0.12
0.1206
0.1212
0.1218
0.1224
0.123
0.1236
0.1242
0.1248
0.1254
0.126
0.1266
0.1272
0.1278
0.1284
0.129
0.1296
0.1302
0.1308
0.1314
0.132
0.1326
0.1332
0.1338
0.1344
0.135
0.1356
0.1362
0.1368
0.1374
0.138
0.1386
0.1392
0.1398
0.1404
0.141
0.1416
0.1422
0.1428
0.1434
0.144
0.1446
0.1452
0.1458
0.1464
0.147
0.1476
0.1482
0.1488
0.1494
0.15
0.1506
0.1512
0.1518
0.1524
0.153
0.1536
0.1542
0.1548
0.1554
0.156
0.1566
0.1572
0.1578
0.1584
0.159
0.1596
0.1602
0.1608
0.1614
0.162
0.1626
0.1632
0.1638
0.1644
0.165
0.1656
0.1662
0.1668
0.1674
0.168
0.1686
0.1692
0.1698
0.1704
0.171
0.1716
0.1722
0.1728
0.1734
0.174
0.1746
0.1752
0.1758
0.1764
0.177
0.1776
0.1782
0.1788
0.1794
0.18
0.1806
0.1812
0.1818
0.1824
0.183
0.1836
0.1842
0.1848
0.1854
0.186
0.1866
0.1872
0.1878
0.1884
0.189
0.1896
0.1902
0.1908
0.1914
0.192
0.1926
0.1932
0.1938
0.1944
0.19
0.1856
0.1812
0.1768
0.1724
0.168
0.1636
0.1592
0.1548
0.1554
0.156
0.1566
0.1572
0.1578
0.1584
0.159
0.1596
0.1602
0.1608
0.1614
0.162
0.1626
0.1632
0.1638
0.1644
0.165
0.1656
0.1662
0.1668
0.1674
0.168
0.1686
0.1692
0.1698
0.1704
0.171
0.1716
0.1722
0.1728
0.1734
0.174
0.1746
0.1752
0.1758
0.1764
0.177
0.1776
0.1782
0.1788
0.1794
0.18
0.1806
0.1812
0.1818
0.1824
0.183
0.1836
0.1842
0.1848
0.1854
0.186
0.1866
0.1872
0.1878
0.1884
0.189
0.1896
0.1902
0.1908
0.1914
0.192
0.1926
0.1932
0.1938
0.1944
0.195
0.1956
0.1962
0.1968
0.1974
0.198
0.1986
0.1992
0.1998
0.2004
0.201
0.2016
0.2022
0.2028
0.2034
0.204
0.2046
0.2052
0.2058
0.2064
0.207
0.1076
0.0082
0.0
0.0
0.0
0.0
0.0
0.0
0.0
0.0
0.0
0.0
0.0
0.0
0.0
0.0
0.0
0.0
0.0
0.0
0.0
0.0
0.0
0.0
0.0
0.0
0.0
0.0
0.0
0.0
0.0
0.0
0.0
0.0
0.0
0.0
0.0
0.0
0.0
0.0
0.0
0.0
0.0
0.0
0.0
0.0
0.0
0.0
0.0
0.0
0.0
0.0
0.0
0.0
0.0
0.0
0.0
0.0
0.0
0.0
0.0
0.0
0.0
0.0
0.0
0.0
0.0
0.0
0.0
0.0
0.0
0.0
0.0
0.0
0.0
0.0
0.0
0.0
0.0
0.0
0.0
0.0
0.0
0.0
0.0
0.0
0.0
0.0
0.0
0.0
0.0
0.0
0.0
0.0
0.0
0.0
0.0
0.0
0.0
0.0
0.0
0.0
0.0
0.0
0.0
0.0
0.0
0.0
0.0
0.0
0.0
0.0
0.0
0.0
0.0
0.0
0.0
0.0
0.0
0.0
0.0
0.0
0.0
0.0
0.0
0.0
0.0
0.0
0.0
0.0
0.0
0.0
0.0
0.0
0.0
0.0
0.0
0.0
0.0
0.0
0.0
0.0
0.0
0.0
0.0
0.0
0.0
0.0
0.0
0.0
0.0
0.0
0.0
0.0
0.0
0.0
0.0
0.0
0.0
0.0
0.0
0.0
0.0
0.0
0.0
0.0
0.0
0.0
0.0
0.0
0.0
0.0
0.0
0.0
0.0
0.0
0.0
0.0
0.0
0.0
0.0
0.0
0.0
0.0
0.0
0.0
0.0
0.0
0.0
0.0
0.0
0.0
0.0
0.0
0.0
0.0
0.0
0.0
0.0
0.0
0.0
0.0
0.0
0.0
0.0
0.0
0.0
0.0
0.0
0.0
0.0
0.0
0.0
0.0
0.0
0.0
0.0
0.0
0.0
0.0
0.0
0.0
0.0
0.0
0.0
0.0
0.0
0.0
0.0
0.0
0.0
0.0
0.0
0.0
0.0
0.0
0.0
0.0
0.0
0.0
0.0
0.0
0.0
0.0
0.0
0.0
0.0
0.0
0.0
0.0
0.0
0.0
0.0
0.0
0.0
0.0
0.0
0.0
0.0
0.0
0.0
0.0
0.0
0.0
0.0
0.0
0.0
0.0
0.0
0.0
0.0
0.0
0.0
0.0
0.0
0.0
0.0
0.0
0.0
0.0
0.0
0.0
0.0
0.0
0.0
0.0
0.0
0.0
0.0
0.0
0.0
0.0
0.0
0.0
0.0
0.0
0.0
0.0
0.0
0.0
0.0
0.0
0.0
0.0
0.0
0.0
0.0
0.0
0.0
0.0
0.0
0.0
0.0
0.0
0.0
0.0
0.0
0.0
0.0
0.0
0.0
0.0
0.0
0.0
0.0
0.0
0.0
0.0
0.0
0.0
0.0
0.0
0.0
0.0
0.0
0.0
0.0
0.0
0.0
0.0
0.0
0.0
0.0
0.0
0.0
0.0
0.0
0.0
0.0
0.0
0.0
0.0
0.0
0.0
0.0
0.0
0.0
0.0
0.0
0.0
0.0
0.0
0.0
0.0
0.0
0.0
0.0
0.0
0.0
0.0
0.0
0.0
0.0
0.0
0.0
0.0
0.0
0.0
0.0
0.0
0.0
0.0
0.0
0.0
0.0
0.0
0.0
0.0
0.0
0.0
0.0
0.0
0.0
0.0
0.0
0.0
0.0
0.0
0.0
0.0
0.0
0.0
0.0
0.0
0.0
0.0
0.0
0.0
0.0
0.0
0.0
0.0
0.0
0.0
0.0
0.0
0.0
0.0
0.0
0.0
0.0
0.0
0.0
0.0
0.0
0.0
0.0
0.0
0.0
0.0
0.0
0.0
0.0
0.0
0.0
0.0
0.0
0.0
0.0
0.0
0.0
0.0
0.0
0.0
0.0
0.0
0.0
0.0
0.0
0.0
0.0
0.0
0.0
0.0
0.0
0.0
0.0
0.0
0.0
0.0
0.0
0.0
0.0
0.0
0.0
0.0
0.0
0.0
0.0
0.0
0.0
0.0
0.0
0.0
0.0
0.0
0.0
0.0
0.0
0.0
0.0
0.0
0.0
0.0
0.0
0.0
0.0
0.0
0.0
0.0
0.0
0.0
0.0
0.0
0.0
0.0
0.0
0.0
6.0E-4
0.0012
0.0018
0.0024
0.003
0.0036
0.0042
0.0048
0.0054
0.006
0.0066
0.0072
0.0078
0.0084
0.009
0.0096
0.0102
0.0108
0.0114
0.012
0.0126
0.0132
0.0138
0.0144
0.015
0.0156
0.0162
0.0168
0.0174
0.018
0.0186
0.0192
0.0198
0.0204
0.021
0.0216
0.0222
0.0228
0.0234
0.024
0.0246
0.0252
0.0258
0.0264
0.027
0.0276
0.0282
0.0288
0.0294
0.03
0.0306
0.0312
0.0318
0.0324
0.033
0.0336
0.0342
0.0348
0.0354
0.036
0.0366
0.0372
0.0378
0.0384
0.039
0.0396
0.0402
0.0408
0.0414
0.042
0.0426
0.0432
0.0438
0.0444
0.045
0.0456
0.0462
0.0468
0.0474
0.048
0.0486
0.0492
0.0498
0.0504
0.051
0.0516
0.0522
0.0528
0.0534
0.054
0.0546
0.0552
0.0558
0.0564
0.057
0.0576
0.0582
0.0588
0.0594
0.06
0.0606
0.0612
0.0618
0.0624
0.063
0.0636
0.0642
0.0648
0.0654
0.066
0.0666
0.0672
0.0678
0.0684
0.069
0.0696
0.0702
0.0708
0.0714
0.072
0.0726
0.0732
0.0738
0.0744
0.075
0.0756
0.0762
0.0768
0.0774
0.078
0.0786
0.0792
0.0798
0.0804
0.081
0.0816
0.0822
0.0828
0.0834
0.084
0.0846
0.0852
0.0858
0.0864
0.087
0.0876
0.0882
0.0888
0.0894
0.09
0.0906
0.0912
0.0918
0.0924
0.093
0.0936
0.0942
0.0948
0.0954
0.096
0.0966
0.0972
0.0978
0.0984
0.099
0.0996
0.1002
0.1008
0.1014
0.102
0.1026
0.1032
0.1038
0.1044
0.105
0.1056
0.1062
0.1068
0.1074
0.108
0.1086
0.1092
0.1098
0.1104
0.111
0.1116
0.1122
0.1128
0.1134
0.114
0.1146
0.1152
0.1158
0.1164
0.117
0.1176
0.1182
0.1188
0.1194
0.12
0.1206
0.1212
0.1218
0.1224
0.123
0.1236
0.1242
0.1248
0.1254
0.126
0.1266
0.1272
0.1278
0.1234
0.119
0.1146
0.1102
0.1058
0.1014
0.097
0.0926
0.0882
0.0888
0.0894
0.09
0.0906
0.0912
0.0918
0.0924
0.093
0.0936
0.0942
0.0948
0.0954
0.096
0.0966
0.0972
0.0978
0.0984
0.099
0.0996
0.1002
0.1008
0.1014
0.102
0.1026
0.1032
0.1038
0.1044
0.105
0.1056
0.1062
0.1068
0.1074
0.108
0.1086
0.1092
0.1098
0.1104
0.111
0.1116
0.1122
0.1128
0.1134
0.114
0.1146
0.1152
0.1158
0.1164
0.117
0.1176
0.1182
0.1188
0.1194
0.12
0.1206
0.1212
0.1218
0.1224
0.123
0.1236
0.1242
0.1248
0.1254
0.126
0.1266
0.1272
0.1278
0.1284
0.129
0.1296
0.1302
0.1308
0.1314
0.132
0.1326
0.1332
0.1338
0.1344
0.135
0.1356
0.1362
0.1368
0.1374
0.138
0.1386
0.1392
0.1398
0.1404
0.141
0.1416
0.1422
0.1428
0.1434
0.144
0.1446
0.1452
0.1458
0.1464
0.147
0.1476
0.1482
0.1488
0.1494
0.15
0.1506
0.1512
0.1518
0.1524
0.153
0.1536
0.1542
0.1548
0.1554
0.156
0.1566
0.1572
0.1578
0.1584
0.159
0.1596
0.1602
0.1608
0.1614
0.162
0.1626
0.1632
0.1638
0.1644
0.165
0.1656
0.1662
0.1668
0.1674
0.168
0.1686
0.1692
0.1698
0.1704
0.171
0.1716
0.1722
0.1728
0.1734
0.174
0.1746
0.1752
0.1758
0.1764
0.177
0.1776
0.1782
0.1788
0.1794
0.18
0.1806
0.1812
0.1818
0.1824
0.183
0.1836
0.1842
0.1848
0.1854
0.186
0.1866
0.1872
0.1878
0.1884
0.189
0.1896
0.1902
0.1908
0.1914
0.192
0.1926
0.1932
0.1938
0.1944
0.195
0.1956
0.1962
0.1968
0.1974
0.198
0.1986
0.1992
0.1998
0.2004
0.201
0.2016
0.2022
0.2028
0.2034
0.204
0.2046
0.2052
0.2058
0.2064
0.207
0.2076
0.2082
0.2088
0.2094
0.21
0.2106
0.2112
0.2118
0.2124
0.213
0.2136
0.2142
0.2148
0.2154
0.216
0.2166
0.2172
0.2178
0.2184
0.219
0.2196
0.2202
0.2208
0.2214
0.222
0.2226
0.2232
0.2238
0.2244
0.225
0.2256
0.2262
0.2268
0.2274
0.228
0.2286
0.2292
0.2298
0.2304
0.231
0.2316
0.2322
0.2278
0.2234
0.219
0.2146
0.2102
0.2058
0.2014
0.197
0.1926
0.1932
0.1938
0.1944
0.195
0.1956
0.1962
0.1968
0.1974
0.198
0.1986
0.1992
0.1998
0.2004
0.201
0.2016
0.2022
0.2028
0.2034
0.204
0.2046
0.2052
0.2058
0.2064
0.207
0.2076
0.2082
0.2088
0.2094
0.21
0.2106
0.2112
0.2118
0.2124
0.213
0.2136
0.2142
0.2148
0.2154
0.216
0.2166
0.2172
0.2178
0.2184
0.219
0.2196
0.2202
0.2208
0.2214
0.222
0.2226
0.2232
0.2238
0.2244
0.225
0.2256
0.2262
0.2268
0.2274
0.228
0.2286
0.2292
0.2298
0.2304
0.231
0.2316
0.2322
0.2328
0.2334
0.234
0.2346
0.2352
0.2358
0.2364
0.237
0.2376
0.2382
0.2388
0.2394
0.24
0.2406
0.2412
0.2418
0.2424
0.243
0.2436
0.2442
0.2448
0.2454
0.246
0.2466
0.2472
0.2478
0.2484
0.249
0.2496
0.2502
0.2508
0.2514
0.252
0.2526
0.2532
0.2538
0.2544
0.255
0.2556
0.2562
0.2568
0.2574
0.258
0.2586
0.2592
0.2598
0.2604
0.261
0.2616
0.2622
0.2628
0.2634
0.264
0.2646
0.2652
0.2658
0.2664
0.267
0.2676
0.2682
0.2688
0.2694
0.27
0.2706
0.2712
0.2718
0.2724
0.273
0.2736
0.2742
0.2748
0.2754
0.276
0.2766
0.2772
0.2778
0.2784
0.279
0.2796
0.2802
0.2808
0.2814
0.282
0.2826
0.2832
0.2838
0.2844
0.285
0.2856
0.2862
0.2868
0.2874
0.288
0.2886
0.2892
0.2898
0.2904
0.291
0.2916
0.2922
0.2928
0.2934
0.294
0.2946
0.2952
0.2958
0.2964
0.297
0.2976
0.2982
0.2988
0.2994
0.3
0.3006
0.3012
0.3018
0.3024
0.303
0.3036
0.3042
0.3048
0.3054
0.306
0.3066
0.3072
0.3078
0.3084
0.309
0.3096
0.3102
0.3108
0.3114
0.312
0.3126
0.3132
0.3138
0.3144
0.315
0.3156
0.3162
0.3168
0.3174
0.318
0.3186
0.3192
0.3198
0.3204
0.321
0.3216
0.3222
0.3228
0.3234
0.324
0.3246
0.3252
0.3258
0.3264
0.327
0.3276
0.3282
0.3288
0.3294
0.33
0.3306
0.3312
0.3318
0.3324
0.333
0.3336
0.3342
0.3348
0.3354
0.336
0.3366
0.3372
0.3378
0.3384
0.339
0.3396
0.3402
0.3408
0.3414
0.342
0.3426
0.3432
0.3438
0.3444
0.345
0.3456
0.3462
0.3468
0.3474
0.348
0.3486
0.3492
0.3498
0.3504
0.351
0.3516
0.3522
0.3528
0.3534
0.354
0.3546
0.3552
0.3558
0.3564
0.357
0.3576
0.3582
0.3588
0.3594
0.36
0.3606
0.3612
0.3618
0.3624
0.363
0.3636
0.3642
0.3648
0.3654
0.366
0.3666
0.3672
0.3678
0.3684
0.369
0.3696
0.3702
0.3708
0.3714
0.372
0.3726
0.3732
0.3738
0.3744
0.375
0.3756
0.3762
0.3768
0.3774
0.378
0.3786
0.3792
0.3798
0.3804
0.381
0.3816
0.3822
0.3828
0.3834
0.384
0.3846
0.3852
0.3858
0.3864
0.387
0.3876
0.3882
0.3888
0.3844
0.38
0.3756
0.3712
0.3668
0.3624
0.358
0.3536
0.3492
0.3498
0.3504
0.351
0.3516
0.3522
0.3528
0.3534
0.354
0.3546
0.3552
0.3558
0.3564
0.357
0.3576
0.3582
0.3588
0.3594
0.36
0.3606
0.3612
0.3618
0.3624
0.363
0.3636
0.3642
0.3648
0.3654
0.366
0.3666
0.3672
0.3678
0.3684
0.369
0.3696
0.3702
0.3708
0.3714
0.372
0.3726
0.3732
0.3738
0.3744
0.375
0.3756
0.3762
0.3768
0.3774
0.378
0.3786
0.3792
0.3798
0.3804
0.381
0.3816
0.3822
0.3828
0.3834
0.384
0.3846
0.3852
0.3858
0.3864
0.387
0.3876
0.3882
0.3888
0.3894
0.39
0.3906
0.3912
0.3918
0.3924
0.393
0.3936
0.3942
0.3948
0.3954
0.396
0.3966
0.3972
0.3978
0.3984
0.399
0.3996
0.4002
0.4008
0.4014
0.402
0.4026
0.4032
0.4038
0.4044
0.405
0.4056
0.4062
0.4068
0.4074
0.408
0.4086
0.4092
0.4098
0.4104
0.411
0.4116
0.4122
0.4128
0.4134
0.414
0.4146
0.4152
0.4158
0.4164
0.417
0.4176
0.4182
0.4188
0.4194
0.42
0.4206
0.4212
0.4218
0.4224
0.423
0.4236
0.4242
0.4248
0.4254
0.421
0.4166
0.4122
0.4078
0.4034
0.399
0.3946
0.3902
0.3858
0.2864
0.187
0.0876
0.0
0.0
0.0
0.0
0.0
0.0
0.0
0.0
0.0
0.0
0.0
0.0
0.0
0.0
0.0
0.0
0.0
0.0
6.0E-4
0.0012
0.0018
0.0024
0.003
0.0036
0.0042
0.0048
0.0054
0.006
0.0066
0.0072
0.0078
0.0084
0.009
0.0096
0.0102
0.0108
0.0114
0.012
0.0126
0.0126
0.0126
0.0126
0.0126
0.0126
0.0126
0.0126
0.0126
0.0126
0.0126
0.0126
0.0126
0.0126
0.0126
0.0126
0.0126
0.0126
0.0126
0.0126
0.0126
0.0126
0.0126
0.0126
0.0126
0.0126
0.0126
0.0126
0.0126
0.0126
0.0126
0.0126
0.0126
0.0126
0.0126
0.0126
0.0126
0.0126
0.0126
0.0126
0.0126
0.0126
0.0126
0.0126
0.0126
0.0126
0.0126
0.0126
0.0126
0.0126
0.0126
0.0126
0.0126
0.0126
0.0126
0.0126
0.0126
0.0126
0.0126
0.0126
0.0126
0.0126
0.0126
0.0126
0.0126
0.0126
0.0126
0.0126
0.0126
0.0126
0.0126
0.0126
0.0126
0.0126
0.0126
0.0126
0.0126
0.0126
0.0126
0.0126
0.0126
0.0126
0.0126
0.0126
0.0126
0.0126
0.0126
0.0126
0.0126
0.0126
0.0126
0.0126
0.0126
0.0126
0.0126
0.0126
0.0126
0.0126
0.0126
0.0126
0.0126
0.0126
0.0126
0.0126
0.0126
0.0126
0.0126
0.0126
0.0126
0.0126
0.0126
0.0126
0.0126
0.0126
0.0126
0.0126
0.0126
0.0126
0.0126
0.0126
0.0126
0.0126
0.0126
0.0126
0.0126
0.0126
0.0126
0.0126
0.0126
0.0126
0.0126
0.0126
0.0126
0.0126
0.0126
0.0126
0.0126
0.0126
0.0126
0.0126
0.0126
0.0126
0.0126
0.0126
0.0126
0.0126
0.0126
0.0126
0.0126
0.0126
0.0126
0.0126
0.0126
0.0126
0.0126
0.0126
0.0126
0.0126
0.0126
0.0126
0.0126
0.0126
0.0126
0.0126
0.0126
0.0126
0.0126
0.0126
0.0126
0.0126
0.0126
0.0126
0.0126
0.0126
0.0126
0.0126
0.0126
0.0126
0.0126
0.0126
0.0126
0.0126
0.0126
0.0126
0.0126
0.0126
0.0126
0.0126
0.0126
0.0126
0.0126
0.0126
0.0126
0.0126
0.0126
0.0126
0.0126
0.0126
0.0126
0.0126
0.0126
0.0126
0.0126
0.0126
0.0126
0.0126
0.0126
0.0126
0.0126
0.0126
0.0126
0.0126
0.0126
0.0126
0.0126
0.0126
0.0126
0.0126
0.0126
0.0126
0.0126
0.0126
0.0126
0.0126
0.0126
0.0126
0.0126
0.0126
0.0126
0.0126
0.0126
0.0126
0.0126
0.0126
0.0126
0.0126
0.0126
0.0126
0.0126
0.0126
0.0126
0.0126
0.0126
0.0126
0.0126
0.0126
0.0126
0.0126
0.0126
0.0126
0.0126
0.0126
0.0126
0.0126
0.0126
0.0126
0.0126
0.0126
0.0126
0.0126
0.0126
0.0126
0.0126
0.0126
0.0126
0.0126
0.0126
0.0126
0.0126
0.0126
0.0126
0.0126
0.0126
0.0126
0.0126
0.0126
0.0126
0.0126
0.0126
0.0126
0.0126
0.0126
0.0126
0.0126
0.0126
0.0126
0.0126
0.0126
0.0126
0.0126
0.0126
0.0126
0.0126
0.0126
0.0126
0.0126
0.0126
0.0126
0.0126
0.0126
0.0126
0.0126
0.0126
0.0126
0.0126
0.0126
0.0126
0.0126
0.0126
0.0126
0.0126
0.0126
0.0126
0.0126
0.0126
0.0126
0.0126
0.0126
0.0126
0.0126
0.0126
0.0126
0.0126
0.0126
0.0126
0.0126
0.0126
0.0126
0.0126
0.0126
0.0126
0.0126
0.0126
0.0126
0.0126
0.0126
0.0126
0.0126
0.0126
0.0126
0.0126
0.0126
0.0126
0.0126
0.0126
0.0126
0.0126
0.0126
0.0126
0.0126
0.0126
0.0126
0.0126
0.0126
0.0126
0.0126
0.0126
0.0126
0.0126
0.0126
0.0126
0.0126
0.0126
0.0126
0.0126
0.0126
0.0126
0.0126
0.0126
0.0126
0.0126
0.0126
0.0126
0.0126
0.0126
0.0126
0.0126
0.0126
0.0126
0.0126
0.0126
0.0126
0.0126
0.0126
0.0126
0.0126
0.0126
0.0126
0.0126
0.0126
0.0126
0.0126
0.0126
0.0126
0.0126
0.0126
0.0126
0.0126
0.0126
0.0126
0.0126
0.0126
0.0126
0.0126
0.0126
0.0126
0.0126
0.0126
0.0126
0.0126
0.0126
0.0126
0.0126
0.0126
0.0126
0.0126
0.0126
0.0126
0.0126
0.0126
0.0126
0.0126
0.0126
0.0126
0.0126
0.0126
0.0126
0.0126
0.0126
0.0126
0.0126
0.0126
0.0126
0.0126
0.0126
0.0126
0.0126
0.0126
0.0126
0.0126
0.0126
0.0126
0.0126
0.0126
0.0126
0.0126
0.0126
0.0126
0.0126
0.0126
0.0126
0.0126
0.0126
0.0126
0.0126
0.0126
0.0126
0.0126
0.0126
0.0126
0.0126
0.0126
0.0126
0.0126
0.0126
0.0126
0.0126
0.0126
0.0132
0.0138
0.0144
0.015
0.0156
0.0162
0.0168
0.0174
0.018
0.0186
0.0192
0.0198
0.0204
0.021
0.0216
0.0222
0.0228
0.0234
0.024
0.0246
0.0252
0.0258
0.0264
0.027
0.0276
0.0282
0.0288
0.0294
0.03
0.0306
0.0312
0.0318
0.0324
0.033
0.0336
0.0342
0.0348
0.0354
0.036
0.0366
0.0372
0.0378
0.0384
0.039
0.0396
0.0402
0.0408
0.0414
0.042
0.0426
0.0432
0.0438
0.0444
0.045
0.0456
0.0462
0.0468
0.0474
0.048
0.0486
0.0492
0.0498
0.0504
0.051
0.0516
0.0522
0.0528
0.0534
0.054
0.0546
0.0552
0.0558
0.0564
0.057
0.0576
0.0582
0.0588
0.0594
0.06
0.0606
0.0612
0.0618
0.0624
0.063
0.0636
0.0642
0.0648
0.0654
0.066
0.0666
0.0672
0.0678
0.0684
0.069
0.0696
0.0702
0.0708
0.0714
0.072
0.0726
0.0732
0.0738
0.0744
0.075
0.0756
0.0762
0.0768
0.0774
0.078
0.0786
0.0792
0.0798
0.0804
0.081
0.0816
0.0822
0.0828
0.0834
0.084
0.0846
0.0852
0.0858
0.0864
0.087
0.0876
0.0882
0.0888
0.0844
0.08
0.0756
0.0712
0.0668
0.0624
0.058
0.0536
0.0492
0.0498
0.0504
0.051
0.0516
0.0522
0.0528
0.0534
0.054
0.0546
0.0552
0.0558
0.0564
0.057
0.0576
0.0582
0.0588
0.0594
0.06
0.0606
0.0612
0.0618
0.0624
0.063
0.0636
0.0642
0.0648
0.0654
0.066
0.0666
0.0672
0.0678
0.0684
0.069
0.0696
0.0702
0.0708
0.0714
0.072
0.0726
0.0732
0.0738
0.0744
0.075
0.0756
0.0762
0.0768
0.0774
0.078
0.0786
0.0792
0.0798
0.0804
0.081
0.0816
0.0822
0.0828
0.0834
0.084
0.0846
0.0852
0.0858
0.0864
0.087
0.0876
0.0882
0.0888
0.0894
0.09
0.0906
0.0912
0.0918
0.0924
0.093
0.0936
0.0942
0.0948
0.0954
0.096
0.0966
0.0972
0.0978
0.0984
0.099
0.0996
0.1002
0.1008
0.1014
0.102
0.1026
0.1032
0.1038
0.1044
0.105
0.1056
0.1062
0.1068
0.1074
0.108
0.1086
0.1092
0.1098
0.1104
0.111
0.1116
0.1122
0.1128
0.1134
0.114
0.1146
0.1152
0.1158
0.1164
0.117
0.1176
0.1182
0.1188
0.1194
0.12
0.1206
0.1212
0.1218
0.1224
0.123
0.1236
0.1242
0.1248
0.1254
0.126
0.1266
0.1272
0.1278
0.1284
0.129
0.1296
0.1302
0.1308
0.1314
0.132
0.1326
0.1332
0.1338
0.1344
0.135
0.1356
0.1362
0.1368
0.1374
0.138
0.1386
0.1392
0.1398
0.1404
0.136
0.1316
0.1272
0.1228
0.1184
0.114
0.1096
0.1052
0.1008
0.1014
0.102
0.1026
0.1032
0.1038
0.1044
0.105
0.1056
0.1062
0.1068
0.1074
0.108
0.1086
0.1092
0.1098
0.1104
0.111
0.1116
0.1122
0.1128
0.1134
0.114
0.1146
0.1152
0.1158
0.1164
0.117
0.1176
0.1182
0.1188
0.1194
0.12
0.1206
0.1212
0.1218
0.1224
0.123
0.1236
0.1242
0.1248
0.1254
0.126
0.1266
0.1272
0.1278
0.1284
0.129
0.1296
0.1302
0.1308
0.1314
0.132
0.1326
0.1332
0.1338
0.1344
0.135
0.1356
0.1362
0.1368
0.1374
0.138
0.1386
0.1392
0.1398
0.1404
0.141
0.1416
0.1422
0.1428
0.1434
0.144
0.1446
0.1452
0.1458
0.1464
0.147
0.1476
0.1482
0.1488
0.1494
0.15
0.1506
0.1512
0.1518
0.1524
0.153
0.1536
0.1542
0.1548
0.1554
0.156
0.1566
0.1572
0.1578
0.1584
0.159
0.1596
0.1602
0.1608
0.1614
0.162
0.1626
0.1632
0.1638
0.1644
0.165
0.1656
0.1662
0.1668
0.1674
0.168
0.1686
0.1692
0.1698
0.1704
0.171
0.1716
0.1722
0.1728
0.1734
0.174
0.1746
0.1752
0.1758
0.1764
0.177
0.1776
0.1782
0.1788
0.1794
0.18
0.1806
0.1812
0.1818
0.1824
0.183
0.1836
0.1842
0.1848
0.1854
0.186
0.1866
0.1872
0.1878
0.1884
0.189
0.1896
0.1902
0.1908
0.1914
0.192
0.1926
0.1932
0.1938
0.1944
0.195
0.1956
0.1962
0.1968
0.1974
0.198
0.1986
0.1992
0.1998
0.2004
0.201
0.2016
0.2022
0.2028
0.2034
0.204
0.2046
0.2052
0.2058
0.2064
0.207
0.2076
0.2082
0.2088
0.2094
0.21
0.2106
0.2112
0.2118
0.2124
0.213
0.2136
0.2142
0.2148
0.2154
0.216
0.2166
0.2172
0.2178
0.2184
0.219
0.2196
0.2202
0.2208
0.2214
0.222
0.2226
0.2232
0.2238
0.2244
0.225
0.2256
0.2262
0.2268
0.2274
0.228
0.2286
0.2292
0.2298
0.2304
0.231
0.2316
0.2322
0.2328
0.2334
0.234
0.2346
0.2352
0.2358
0.2364
0.237
0.2376
0.2382
0.2388
0.2394
0.24
0.2406
0.2412
0.2418
0.2424
0.243
0.2436
0.2442
0.2448
0.2454
0.246
0.2466
0.2472
0.2478
0.2484
0.249
0.2496
0.2502
0.2508
0.2514
0.252
0.2526
0.2482
0.2438
0.2394
0.235
0.2306
0.2262
0.2218
0.2174
0.213
0.2136
0.2142
0.2148
0.2154
0.216
0.2166
0.2172
0.2178
0.2184
0.219
0.2196
0.2202
0.2208
0.2214
0.222
0.2226
0.2232
0.2238
0.2244
0.225
0.2256
0.2262
0.2268
0.2274
0.228
0.2286
0.2292
0.2298
0.2304
0.231
0.2316
0.2322
0.2328
0.2334
0.234
0.2346
0.2352
0.2358
0.2364
0.237
0.2376
0.2382
0.2388
0.2394
0.24
0.2406
0.2412
0.2418
0.2424
0.243
0.2436
0.2442
0.2448
0.2454
0.246
0.2466
0.2472
0.2478
0.2484
0.249
0.2496
0.2502
0.2508
0.2514
0.252
0.2526
0.2532
0.2538
0.2544
0.255
0.2556
0.2562
0.2568
0.2574
0.258
0.2586
0.2592
0.2598
0.2604
0.261
0.2616
0.2622
0.2628
0.2634
0.264
0.2646
0.2652
0.2658
0.2664
0.267
0.2676
0.2682
0.2688
0.2694
0.27
0.2706
0.2712
0.2718
0.2724
0.273
0.2736
0.2742
0.2748
0.2754
0.276
0.2766
0.2772
0.2778
0.2784
0.279
0.2796
0.2802
0.2808
0.2814
0.282
0.2826
0.2832
0.2838
0.2844
0.285
0.2856
0.2862
0.2868
0.2874
0.288
0.2886
0.2892
0.2898
0.2904
0.291
0.2916
0.2922
0.2928
0.2934
0.294
0.2946
0.2952
0.2958
0.2964
0.297
0.2976
0.2982
0.2988
0.2994
0.3
0.3006
0.3012
0.3018
0.3024
0.303
0.3036
0.3042
0.3048
0.3054
0.306
0.3066
0.3072
0.3078
0.3084
0.309
0.3096
0.3102
0.3058
0.3014
0.297
0.2926
0.2882
0.2838
0.2794
0.275
0.2706
0.2712
0.2718
0.2724
0.273
0.2736
0.2742
0.2748
0.2754
0.276
0.2766
0.2772
0.2778
0.2784
0.279
0.2796
0.2802
0.2808
0.2814
0.282
0.2826
0.2832
0.2838
0.2844
0.285
0.2856
0.2862
0.2868
0.2874
0.288
0.2886
0.2892
0.2898
0.2904
0.291
0.2916
0.2922
0.2928
0.2934
0.294
0.2946
0.2952
0.2958
0.2964
0.297
0.2976
0.2982
0.2988
0.2994
0.3
0.3006
0.3012
0.3018
0.3024
0.303
0.3036
0.3042
0.3048
0.3054
0.306
0.3066
0.3072
0.3078
0.3084
0.309
0.3096
0.3102
0.3108
0.3114
0.312
0.3126
0.3132
0.3138
0.3144
0.315
0.3156
0.3162
0.3168
0.3174
0.318
0.3186
0.3192
0.3198
0.3204
0.321
0.3216
0.3222
0.3228
0.3234
0.324
0.3246
0.3252
0.3258
0.3264
0.327
0.3276
0.3282
0.3288
0.3294
0.33
0.3306
0.3312
0.3318
0.3324
0.333
0.3336
0.3342
0.3348
0.3354
0.336
0.3366
0.3372
0.3378
0.3384
0.339
0.3396
0.3402
0.3408
0.3414
0.342
0.3426
0.3432
0.3438
0.3444
0.345
0.3456
0.3462
0.3468
0.3474
0.348
0.3486
0.3492
0.3498
0.3504
0.351
0.3516
0.3522
0.3528
0.3534
0.354
0.3546
0.3552
0.3558
0.3564
0.357
0.3576
0.3582
0.3588
0.3594
0.36
0.3606
0.3612
0.3618
0.3624
0.363
0.3636
0.3642
0.3648
0.3654
0.366
0.3666
0.3672
0.3678
0.3684
0.369
0.3696
0.3702
0.3708
0.3714
0.372
0.3726
0.3732
0.3738
0.3744
0.375
0.3756
0.3762
0.3768
0.3774
0.378
0.3786
0.3792
0.3798
0.3804
0.381
0.3816
0.3822
0.3828
0.3834
0.384
0.3846
0.3852
0.3858
0.3864
0.387
0.3876
0.3882
0.3888
0.3894
0.385
0.3806
0.3762
0.3718
0.3674
0.363
0.3586
0.3542
0.3498
0.2504
0.151
0.0516
0.0
0.0
0.0
0.0
0.0
0.0
0.0
0.0
0.0
0.0
0.0
0.0
0.0
0.0
0.0
0.0
0.0
0.0
6.0E-4
0.0012
0.0018
0.0024
0.003
0.0036
0.0042
0.0048
0.0054
0.006
0.0066
0.0072
0.0078
0.0084
0.009
0.0096
0.0102
0.0108
0.0114
0.012
0.0126
0.0132
0.0138
0.0144
0.015
0.0156
0.0162
0.0168
0.0174
0.018
0.0186
0.0192
0.0198
0.0204
0.021
0.0216
0.0222
0.0228
0.0234
0.024
0.0246
0.0252
0.0258
0.0264
0.027
0.0276
0.0282
0.0288
0.0294
0.03
0.0306
0.0306
0.0306
0.0306
0.0306
0.0306
0.0306
0.0306
0.0306
0.0306
0.0306
0.0306
0.0306
0.0306
0.0306
0.0306
0.0306
0.0306
0.0306
0.0306
0.0306
0.0306
0.0306
0.0306
0.0306
0.0306
0.0306
0.0306
0.0306
0.0306
0.0306
0.0306
0.0306
0.0306
0.0306
0.0306
0.0306
0.0306
0.0306
0.0306
0.0306
